1 4 7 10 13 16 19 22 25 
1 4 7 10 13 16 19 22 25 
1 4 7 10 13 16 19 23 25 
1 4 7 10 13 16 19 22 25 
1 5 7 10 13 16 19 22 25 
1 4 7 10 13 16 19 22 25 
2 4 7 10 13 16 19 24 25 
1 4 7 10 13 16 19 24 25 
1 4 7 10 13 16 19 24 26 
1 4 7 10 13 16 19 24 25 
1 5 7 10 13 16 19 24 25 
1 4 7 10 13 16 19 24 25 
1 6 7 10 13 16 19 22 25 
1 6 7 10 13 16 19 22 25 
3 6 7 10 13 16 19 23 25 
1 6 7 10 13 16 19 22 25 
1 6 8 10 13 16 19 22 25 
1 6 7 10 13 16 19 22 25 
3 4 7 10 13 16 19 22 25 
1 4 7 10 13 16 19 22 25 
1 4 7 10 13 16 19 23 25 
1 4 7 10 13 16 19 22 25 
1 5 7 10 13 16 19 22 25 
2 4 7 10 13 16 19 22 25 
1 4 7 10 13 16 19 22 25 
1 4 7 10 13 16 19 22 25 
1 4 7 10 13 16 19 22 25 
1 4 7 10 13 16 19 23 25 
1 4 7 10 13 16 19 22 25 
1 5 7 10 13 16 19 22 25 
1 4 7 10 13 16 19 22 25 
3 4 7 10 13 16 19 22 25 
2 4 7 10 13 16 19 22 25 
1 4 7 10 13 16 19 23 25 
3 4 7 10 13 16 19 22 25 
1 5 7 10 13 16 19 22 25 
1 4 7 10 13 16 19 22 25 
3 4 7 10 13 16 19 24 25 
1 4 7 10 13 16 19 24 25 
3 4 7 10 13 16 19 24 26 
2 4 7 10 13 16 19 24 25 
1 5 7 10 13 16 19 24 25 
2 4 7 10 13 16 19 24 25 
1 4 7 10 13 16 19 22 25 
1 4 7 10 13 16 19 23 25 
1 4 7 10 13 16 19 22 25 
1 5 7 10 13 16 19 22 25 
1 4 7 10 13 16 19 22 25 
3 6 7 10 13 16 19 22 25 
1 6 7 10 13 16 19 22 25 
1 6 7 10 13 16 19 23 25 
2 6 7 10 13 16 19 22 25 
1 6 8 10 13 16 19 22 25 
1 6 7 10 13 16 19 22 25 
1 4 7 10 13 16 19 22 25 
1 4 7 10 13 16 19 23 25 
3 4 7 10 13 16 19 22 25 
1 5 7 10 13 16 19 22 25 
1 4 7 10 13 16 19 22 25 
3 4 7 10 13 16 19 23 26 
3 4 7 10 13 16 19 23 25 
1 5 7 10 13 16 19 23 25 
2 4 7 10 13 16 19 23 25 
1 4 7 10 13 16 19 23 25 
3 4 7 10 13 16 19 23 26 
2 4 7 10 13 16 19 23 25 
1 5 7 10 13 16 19 23 25 
1 4 7 10 13 16 19 23 25 
1 4 7 10 13 16 19 23 25 
1 4 7 10 13 16 19 23 26 
1 5 7 10 13 16 19 23 25 
1 4 7 10 13 16 19 23 25 
1 4 7 10 13 16 19 23 27 
1 4 7 10 13 16 19 23 27 
1 4 7 10 13 16 19 23 27 
1 4 7 10 13 16 19 23 27 
1 4 7 10 13 16 19 23 27 
1 5 7 10 13 16 19 23 27 
1 4 7 10 13 16 19 23 27 
1 4 7 10 13 16 19 23 26 
1 4 7 10 13 16 19 23 25 
1 5 7 10 13 16 19 23 25 
1 4 7 10 13 16 19 23 25 
2 6 7 10 13 16 19 23 26 
2 6 7 10 13 16 19 23 25 
2 6 8 10 13 16 19 23 25 
2 6 7 10 13 16 19 23 25 
3 4 7 10 13 16 19 23 26 
1 5 7 10 13 16 19 23 25 
1 4 7 10 13 16 19 23 25 
1 5 8 10 13 16 19 22 25 
3 5 7 10 13 16 19 22 25 
1 5 7 10 13 16 19 22 25 
1 5 8 10 13 16 19 22 25 
1 5 7 10 13 16 19 22 25 
1 5 7 10 13 16 19 22 25 
1 5 8 10 13 16 19 22 25 
3 5 7 10 13 16 19 24 26 
1 5 8 10 13 16 19 24 25 
1 5 7 10 13 16 19 24 25 
1 5 7 10 13 16 19 22 25 
1 5 8 10 13 16 19 22 25 
1 5 9 10 13 16 19 22 25 
1 5 9 10 13 16 19 22 25 
1 5 9 10 13 16 19 22 25 
1 5 9 10 13 16 19 23 25 
2 5 9 10 13 16 19 22 25 
1 5 9 11 13 16 19 22 25 
2 5 9 10 13 16 19 22 25 
1 5 8 10 13 16 19 22 25 
1 5 7 10 13 16 19 22 25 
1 4 7 10 13 16 19 22 25 
3 4 7 10 13 16 19 22 25 
3 4 7 10 13 16 19 23 25 
1 4 7 10 13 16 19 22 25 
1 5 7 10 13 16 19 22 25 
1 4 7 10 13 16 19 22 25 
1 4 7 10 13 16 19 22 25 
1 4 7 10 13 16 19 22 25 
1 4 7 10 13 16 19 22 25 
1 4 7 10 13 16 19 23 25 
1 4 7 10 13 16 19 22 25 
1 5 7 10 13 16 19 22 25 
1 4 7 10 13 16 19 22 25 
3 4 7 10 13 16 19 22 25 
3 6 7 10 13 16 19 23 25 
1 4 7 10 13 16 19 22 25 
1 4 7 10 13 16 19 22 25 
3 4 7 10 13 16 19 22 25 
3 4 7 10 13 16 19 23 25 
1 4 7 10 13 16 19 22 25 
1 5 7 10 13 16 19 22 25 
1 4 7 10 13 16 19 22 25 
1 4 7 10 13 16 19 22 25 
1 4 7 10 13 16 19 22 25 
1 4 7 10 13 16 19 22 25 
1 4 7 10 13 16 19 22 25 
1 4 7 10 13 16 19 23 25 
1 4 7 10 13 16 19 22 25 
1 5 7 10 13 16 19 22 25 
1 4 7 10 13 16 19 22 25 
3 4 7 10 13 16 19 22 25 
3 6 7 10 13 16 19 23 25 
1 4 7 10 13 16 19 22 25 
3 4 7 10 13 16 19 22 25 
3 4 7 10 13 16 19 23 25 
1 4 7 10 13 16 19 22 25 
1 5 7 10 13 16 19 22 25 
1 4 7 10 13 16 19 22 25 
3 4 7 10 13 16 19 22 25 
1 4 7 10 13 16 19 22 25 
1 4 7 10 13 16 19 23 25 
1 4 7 10 13 16 19 22 25 
1 5 7 10 13 16 19 22 25 
1 4 7 10 13 16 19 22 25 
1 4 7 10 13 16 19 22 25 
1 4 7 10 13 16 19 22 25 
3 4 7 10 13 16 19 22 25 
1 4 7 10 13 16 19 23 25 
1 4 7 10 13 16 19 22 25 
1 5 7 10 13 16 19 22 25 
1 4 7 10 13 16 19 22 25 
3 5 7 10 13 16 19 24 25 
3 4 7 10 13 16 19 22 25 
3 4 7 10 13 16 19 23 25 
3 4 7 10 13 16 19 22 25 
1 5 7 10 13 16 19 22 25 
3 4 7 10 13 16 19 22 25 
3 6 7 10 13 16 19 23 25 
3 4 7 10 13 16 19 22 25 
3 4 7 10 13 16 19 23 25 
2 4 7 10 13 16 19 22 25 
3 5 7 10 13 16 19 22 25 
1 4 7 10 13 16 19 22 25 
3 4 7 10 13 16 19 23 25 
1 4 7 10 13 16 19 23 26 
1 4 7 10 13 16 19 23 25 
1 5 7 10 13 16 19 23 25 
1 4 7 10 13 16 19 23 25 
3 4 7 10 13 16 19 23 25 
1 4 7 10 13 16 19 23 27 
1 4 7 10 13 16 19 23 27 
1 4 7 10 13 16 19 23 27 
3 4 7 10 13 16 19 23 27 
2 4 7 10 13 16 19 23 27 
1 5 7 10 13 16 19 23 27 
1 4 7 10 13 16 19 23 27 
3 6 7 10 13 16 19 23 26 
3 6 7 10 13 16 19 23 25 
3 6 8 10 13 16 19 23 25 
2 6 7 10 13 16 19 23 25 
3 4 7 10 13 16 19 23 26 
3 4 7 10 13 16 19 23 25 
3 5 7 10 13 16 19 23 25 
1 4 7 10 13 16 19 23 25 
1 4 7 10 13 16 19 22 25 
1 4 7 10 13 16 19 22 25 
1 5 7 10 13 16 19 22 25 
1 4 7 10 13 16 19 22 25 
1 4 7 10 13 16 19 22 25 
1 4 7 10 13 16 19 22 25 
1 4 7 10 13 16 19 22 25 
2 4 7 10 13 16 19 23 25 
1 4 7 10 13 16 19 22 25 
1 5 7 10 13 16 19 22 25 
1 4 7 10 13 16 19 22 25 
1 4 7 10 13 16 19 22 25 
2 5 7 10 13 16 19 22 25 
1 4 7 10 13 16 19 22 25 
1 5 7 10 13 16 19 22 25 
1 5 8 10 13 16 19 22 25 
1 5 7 10 13 16 19 22 25 
1 5 9 10 13 16 19 22 25 
1 5 9 10 13 16 19 22 25 
2 5 9 10 13 16 19 22 25 
1 5 9 10 13 16 19 23 25 
3 5 9 10 13 16 19 22 25 
1 5 9 11 13 16 19 22 25 
1 5 9 10 13 16 19 22 25 
1 5 8 10 13 16 19 22 25 
1 5 7 10 13 16 19 22 25 
1 4 7 10 13 16 19 22 25 
1 4 7 10 13 16 19 22 25 
1 4 7 10 13 16 19 22 25 
1 4 7 10 13 16 19 22 25 
3 4 7 10 13 16 19 22 25 
3 4 7 10 13 16 19 23 25 
1 4 7 10 13 16 19 22 25 
1 5 7 10 13 16 19 22 25 
1 4 7 10 13 16 19 22 25 
3 4 7 10 13 16 19 24 25 
3 4 7 10 13 16 19 24 25 
1 4 7 10 13 16 19 24 26 
1 4 7 10 13 16 19 24 25 
3 5 7 10 13 16 19 24 25 
1 4 7 10 13 16 19 24 25 
1 4 7 10 13 16 19 24 27 
1 4 7 10 13 16 19 24 27 
1 4 7 10 13 16 19 24 27 
1 4 7 10 13 16 19 24 27 
1 4 7 10 13 16 19 24 27 
1 5 7 10 13 16 19 24 27 
1 4 7 10 13 16 19 24 27 
1 4 7 10 13 16 19 24 25 
3 4 7 10 13 16 19 24 25 
1 4 7 10 13 16 19 24 26 
1 5 7 10 13 16 19 24 25 
3 6 7 10 13 16 19 24 25 
1 4 7 10 13 16 19 24 25 
3 4 7 10 13 16 19 24 25 
3 4 7 10 13 16 19 24 25 
1 4 7 10 13 16 19 24 26 
1 4 7 10 13 16 19 24 25 
1 5 7 10 13 16 19 24 25 
1 4 7 10 13 16 19 24 25 
1 4 7 10 13 16 19 24 25 
3 4 7 10 13 16 19 24 25 
1 4 7 10 13 16 19 24 25 
1 4 7 10 13 16 19 24 26 
1 4 7 10 13 16 19 24 25 
1 5 7 10 13 16 19 24 25 
1 4 7 10 13 16 19 24 25 
1 4 7 10 13 16 19 24 27 
1 4 7 10 13 16 19 24 27 
3 4 7 10 13 16 19 24 27 
1 4 7 10 13 16 19 24 27 
1 5 7 10 13 16 19 24 27 
1 4 7 10 13 16 19 24 27 
3 4 7 10 13 16 19 24 25 
3 4 7 10 13 16 19 24 25 
3 4 7 10 13 16 19 24 26 
3 4 7 10 13 16 19 24 25 
3 5 7 10 13 16 19 24 25 
3 4 7 10 13 16 19 24 25 
3 6 7 10 13 16 19 24 25 
1 6 7 10 13 16 19 24 25 
3 6 7 10 13 16 19 24 26 
3 6 7 10 13 16 19 24 25 
3 6 8 10 13 16 19 24 25 
3 6 7 10 13 16 19 24 25 
3 4 7 10 13 16 19 24 25 
1 4 7 10 13 16 19 24 25 
3 4 7 10 13 16 19 24 26 
3 4 7 10 13 16 19 24 25 
3 5 7 10 13 16 19 24 25 
1 4 7 10 13 16 19 24 25 
1 4 7 10 13 16 19 24 25 
1 4 7 10 13 16 19 24 25 
1 4 7 10 13 16 19 24 25 
1 4 7 10 13 16 19 24 26 
1 4 7 10 13 16 19 24 25 
1 5 7 10 13 16 19 24 25 
1 4 7 10 13 16 19 24 25 
1 4 7 10 13 16 19 24 27 
3 4 7 10 13 16 19 24 27 
1 4 7 10 13 16 19 24 27 
1 5 7 10 13 16 19 24 27 
1 4 7 10 13 16 19 24 27 
3 4 7 10 13 16 19 24 25 
1 4 7 10 13 16 19 24 26 
1 4 7 10 13 16 19 24 25 
3 5 7 10 13 16 19 24 25 
1 4 7 10 13 16 19 24 25 
1 4 7 10 13 16 19 24 26 
1 4 7 10 13 16 19 24 26 
3 4 7 10 13 16 19 24 26 
1 4 7 10 13 16 19 24 26 
1 4 7 10 13 16 19 24 26 
1 4 7 10 13 16 19 24 26 
3 5 7 10 13 16 19 24 26 
1 4 7 10 13 16 19 24 26 
1 4 7 10 13 16 19 24 26 
1 4 7 10 13 16 19 24 26 
1 5 7 10 13 16 19 24 26 
1 4 7 10 13 16 19 24 26 
1 4 7 10 13 16 19 24 26 
1 4 7 10 13 16 19 24 26 
1 5 7 10 13 16 19 24 26 
1 4 7 10 13 16 19 24 26 
1 4 7 10 13 16 19 24 27 
1 4 7 10 13 16 19 24 27 
1 5 7 10 13 16 19 24 27 
1 4 7 10 13 16 19 24 27 
1 4 7 10 13 16 19 24 25 
1 4 7 10 13 16 19 24 25 
1 4 7 10 13 16 19 24 25 
1 4 7 10 13 16 19 24 26 
1 4 7 10 13 16 19 24 25 
1 5 7 10 13 16 19 24 25 
1 4 7 10 13 16 19 24 25 
1 4 7 10 13 16 19 24 25 
3 5 7 10 13 16 19 24 25 
1 4 7 10 13 16 19 24 25 
3 5 7 10 13 16 19 24 27 
1 5 8 10 13 16 19 24 27 
1 5 7 10 13 16 19 24 27 
1 5 8 10 13 16 19 24 25 
3 5 7 10 13 16 19 24 25 
1 5 9 10 13 16 19 24 25 
2 5 9 10 13 16 19 24 25 
1 5 9 10 13 16 19 24 25 
3 5 9 10 13 16 19 24 26 
3 5 9 10 13 16 19 24 25 
2 5 9 11 13 16 19 24 25 
1 5 9 10 13 16 19 24 25 
1 5 8 10 13 16 19 24 25 
1 5 7 10 13 16 19 24 25 
1 4 7 10 13 16 19 24 27 
1 4 7 10 13 16 19 24 27 
1 4 7 10 13 16 19 24 25 
1 4 7 10 13 16 19 24 25 
1 4 7 10 13 16 19 24 25 
1 4 7 10 13 16 19 24 26 
1 4 7 10 13 16 19 24 25 
1 5 7 10 13 16 19 24 25 
1 4 7 10 13 16 19 24 25 
3 6 7 10 13 16 19 22 25 
3 6 7 10 13 16 19 22 25 
3 6 7 10 13 16 19 23 25 
3 6 7 10 13 16 19 22 25 
3 6 8 10 13 16 19 22 25 
2 6 7 10 13 16 19 22 25 
1 6 9 10 13 16 19 22 25 
1 6 9 10 13 16 19 22 25 
1 6 9 10 13 16 19 22 25 
1 6 9 10 13 16 19 23 25 
3 6 9 10 13 16 19 22 25 
1 6 9 11 13 16 19 22 25 
1 6 9 10 13 16 19 22 25 
3 6 7 10 13 16 19 22 25 
3 6 7 10 13 16 19 22 25 
3 6 7 10 13 16 19 23 25 
3 6 8 10 13 16 19 22 25 
1 6 7 10 13 16 19 22 25 
3 6 7 10 13 16 19 22 25 
1 6 7 10 13 16 19 22 25 
1 6 7 10 13 16 19 23 25 
1 6 7 10 13 16 19 22 25 
1 6 8 10 13 16 19 22 25 
1 6 7 10 13 16 19 22 25 
1 6 9 10 13 16 19 22 25 
1 6 9 10 13 16 19 22 25 
1 6 9 10 13 16 19 23 25 
3 6 9 10 13 16 19 22 25 
1 6 9 11 13 16 19 22 25 
1 6 9 10 13 16 19 22 25 
3 6 7 10 13 16 19 22 25 
2 6 7 10 13 16 19 22 25 
2 6 7 10 13 16 19 23 25 
3 6 7 10 13 16 19 22 25 
1 6 8 10 13 16 19 22 25 
1 6 7 10 13 16 19 22 25 
1 6 7 10 13 16 19 22 25 
1 6 7 10 13 16 19 22 25 
3 6 7 10 13 16 19 22 25 
1 6 7 10 13 16 19 23 25 
1 6 7 10 13 16 19 22 25 
1 6 8 10 13 16 19 22 25 
1 6 7 10 13 16 19 22 25 
2 6 9 10 13 16 19 22 25 
1 6 9 10 13 16 19 23 25 
2 6 9 10 13 16 19 22 25 
1 6 9 11 13 16 19 22 25 
1 6 9 10 13 16 19 22 25 
3 6 7 10 13 16 19 23 27 
1 6 7 10 13 16 19 23 27 
1 6 7 10 13 16 19 23 27 
3 6 7 10 13 16 19 23 27 
3 6 7 10 13 16 19 23 27 
1 6 8 10 13 16 19 23 27 
1 6 7 10 13 16 19 23 27 
1 6 9 10 13 16 19 23 26 
2 6 9 10 13 16 19 23 25 
3 6 9 11 13 16 19 23 25 
1 6 9 10 13 16 19 23 25 
3 6 7 10 13 16 19 23 26 
3 6 7 10 13 16 19 23 25 
3 6 8 10 13 16 19 23 25 
2 6 7 10 13 16 19 23 25 
1 6 7 10 13 16 19 22 25 
1 6 7 10 13 16 19 22 25 
1 6 7 10 13 16 19 22 25 
2 6 7 10 13 16 19 23 25 
3 6 7 10 13 16 19 22 25 
1 6 8 10 13 16 19 22 25 
1 6 7 10 13 16 19 22 25 
3 6 9 10 13 16 19 22 25 
1 6 9 11 13 16 19 22 25 
1 6 9 10 13 16 19 22 25 
1 6 8 11 13 16 19 22 25 
1 6 8 11 13 16 19 22 25 
1 6 8 11 13 16 19 22 25 
1 6 8 12 13 16 19 22 25 
1 6 8 12 13 16 19 22 25 
1 6 8 12 13 16 19 22 25 
3 6 8 12 13 16 19 23 25 
1 6 8 12 13 16 19 22 25 
1 6 8 12 14 16 19 22 25 
1 6 8 12 13 16 19 22 25 
1 6 8 11 13 16 19 22 25 
1 6 8 10 13 16 19 22 25 
1 6 9 11 13 16 19 22 25 
1 6 9 10 13 16 19 22 25 
1 6 7 10 13 16 19 22 25 
1 6 7 10 13 16 19 22 25 
1 6 7 10 13 16 19 22 25 
2 6 7 10 13 16 19 23 25 
1 6 7 10 13 16 19 22 25 
1 6 8 10 13 16 19 22 25 
1 6 7 10 13 16 19 22 25 
3 4 7 10 13 16 19 22 25 
1 4 7 10 13 16 19 22 25 
1 4 7 10 13 16 19 23 25 
1 4 7 10 13 16 19 22 25 
1 5 7 10 13 16 19 22 25 
2 4 7 10 13 16 19 22 25 
1 4 7 10 13 16 19 22 25 
1 4 7 10 13 16 19 22 25 
1 4 7 10 13 16 19 22 25 
1 4 7 10 13 16 19 23 25 
1 4 7 10 13 16 19 22 25 
1 5 7 10 13 16 19 22 25 
1 4 7 10 13 16 19 22 25 
1 4 7 10 13 16 19 22 25 
1 4 7 10 13 16 19 22 25 
1 4 7 10 13 16 19 22 25 
1 4 7 10 13 16 19 23 25 
1 4 7 10 13 16 19 22 25 
1 5 7 10 13 16 19 22 25 
1 4 7 10 13 16 19 22 25 
1 4 7 10 13 16 19 24 25 
3 4 7 10 13 16 19 24 25 
1 4 7 10 13 16 19 24 25 
1 4 7 10 13 16 19 24 26 
1 4 7 10 13 16 19 24 25 
1 5 7 10 13 16 19 24 25 
1 4 7 10 13 16 19 24 25 
1 4 7 10 13 16 19 22 25 
1 4 7 10 13 16 19 22 25 
1 4 7 10 13 16 19 23 25 
1 4 7 10 13 16 19 22 25 
1 5 7 10 13 16 19 22 25 
1 4 7 10 13 16 19 22 25 
1 6 7 10 13 16 19 22 25 
3 6 7 10 13 16 19 22 25 
1 6 7 10 13 16 19 22 25 
1 6 7 10 13 16 19 23 25 
1 6 7 10 13 16 19 22 25 
1 6 8 10 13 16 19 22 25 
1 6 7 10 13 16 19 22 25 
1 4 7 10 13 16 19 22 25 
1 4 7 10 13 16 19 22 25 
1 4 7 10 13 16 19 23 25 
1 4 7 10 13 16 19 22 25 
1 5 7 10 13 16 19 22 25 
1 4 7 10 13 16 19 22 25 
1 4 7 10 13 16 19 22 25 
1 4 7 10 13 16 19 22 25 
1 4 7 10 13 16 19 22 25 
1 4 7 10 13 16 19 22 25 
1 4 7 10 13 16 19 23 25 
1 4 7 10 13 16 19 22 25 
1 5 7 10 13 16 19 22 25 
3 4 7 10 13 16 19 22 25 
3 4 7 10 13 16 19 22 25 
1 4 7 10 13 16 19 23 25 
1 4 7 10 13 16 19 22 25 
1 5 7 10 13 16 19 22 25 
1 4 7 10 13 16 19 22 25 
1 4 7 10 13 16 19 24 25 
3 4 7 10 13 16 19 24 26 
3 4 7 10 13 16 19 24 25 
1 5 7 10 13 16 19 24 25 
3 4 7 10 13 16 19 24 25 
1 4 7 10 13 16 19 22 25 
1 4 7 10 13 16 19 23 25 
1 4 7 10 13 16 19 22 25 
1 5 7 10 13 16 19 22 25 
1 4 7 10 13 16 19 22 25 
1 6 7 10 13 16 19 22 25 
1 6 7 10 13 16 19 23 25 
1 6 7 10 13 16 19 22 25 
3 6 8 10 13 16 19 22 25 
1 6 7 10 13 16 19 22 25 
1 4 7 10 13 16 19 22 25 
1 4 7 10 13 16 19 23 25 
1 4 7 10 13 16 19 22 25 
1 5 7 10 13 16 19 22 25 
1 4 7 10 13 16 19 22 25 
1 4 7 10 13 16 19 22 25 
1 4 7 10 13 16 19 22 25 
1 4 7 10 13 16 19 22 25 
1 4 7 10 13 16 19 23 25 
1 4 7 10 13 16 19 22 25 
1 5 7 10 13 16 19 22 25 
1 4 7 10 13 16 19 22 25 
1 4 7 10 13 16 19 24 26 
1 4 7 10 13 16 19 24 25 
1 5 7 10 13 16 19 24 25 
1 4 7 10 13 16 19 24 25 
1 6 7 10 13 16 19 23 25 
1 6 7 10 13 16 19 22 25 
1 6 8 10 13 16 19 22 25 
1 6 7 10 13 16 19 22 25 
1 4 7 10 13 16 19 23 25 
1 4 7 10 13 16 19 23 25 
1 4 7 10 13 16 19 23 26 
1 4 7 10 13 16 19 23 25 
1 5 7 10 13 16 19 23 25 
1 4 7 10 13 16 19 23 25 
1 4 7 10 13 16 19 23 25 
1 4 7 10 13 16 19 23 26 
1 4 7 10 13 16 19 23 25 
1 5 7 10 13 16 19 23 25 
1 4 7 10 13 16 19 23 25 
1 4 7 10 13 16 19 23 27 
1 4 7 10 13 16 19 23 27 
1 4 7 10 13 16 19 23 27 
1 4 7 10 13 16 19 23 27 
1 4 7 10 13 16 19 23 27 
1 5 7 10 13 16 19 23 27 
1 4 7 10 13 16 19 23 27 
1 4 7 10 13 16 19 23 26 
1 4 7 10 13 16 19 23 25 
1 5 7 10 13 16 19 23 25 
1 4 7 10 13 16 19 23 25 
1 6 7 10 13 16 19 23 26 
1 6 7 10 13 16 19 23 25 
1 6 8 10 13 16 19 23 25 
1 6 7 10 13 16 19 23 25 
1 4 7 10 13 16 19 23 26 
1 4 7 10 13 16 19 23 25 
1 5 7 10 13 16 19 23 25 
1 4 7 10 13 16 19 23 25 
1 4 7 10 13 16 19 22 25 
1 4 7 10 13 16 19 22 25 
1 4 7 10 13 16 19 22 25 
1 5 7 10 13 16 19 22 25 
1 4 7 10 13 16 19 22 25 
1 4 7 10 13 16 19 22 25 
1 4 7 10 13 16 19 22 25 
1 5 7 10 13 16 19 22 25 
1 4 7 10 13 16 19 22 25 
1 4 7 10 13 16 19 24 26 
1 4 7 10 13 16 19 24 25 
1 5 7 10 13 16 19 24 25 
1 4 7 10 13 16 19 24 25 
1 4 7 10 13 16 19 22 25 
1 4 7 10 13 16 19 22 25 
1 4 7 10 13 16 19 23 25 
1 4 7 10 13 16 19 22 25 
1 5 7 10 13 16 19 22 25 
1 4 7 10 13 16 19 22 25 
1 6 7 10 13 16 19 22 25 
1 6 8 10 13 16 19 22 25 
1 6 7 10 13 16 19 22 25 
1 4 7 10 13 16 19 22 25 
1 5 7 10 13 16 19 22 25 
1 4 7 10 13 16 19 22 25 
1 5 7 10 13 16 19 22 25 
1 5 7 10 13 16 19 22 25 
1 5 8 10 13 16 19 22 25 
1 5 7 10 13 16 19 22 25 
1 5 7 10 13 16 19 22 25 
1 5 8 10 13 16 19 22 25 
1 5 7 10 13 16 19 22 25 
1 5 7 10 13 16 19 24 26 
1 5 8 10 13 16 19 24 25 
1 5 7 10 13 16 19 24 25 
1 5 7 10 13 16 19 22 25 
1 5 8 10 13 16 19 22 25 
1 5 7 10 13 16 19 22 25 
1 5 9 10 13 16 19 22 25 
1 5 9 10 13 16 19 22 25 
1 5 9 10 13 16 19 22 25 
1 5 9 10 13 16 19 23 25 
1 5 9 10 13 16 19 22 25 
1 5 9 11 13 16 19 22 25 
1 5 9 10 13 16 19 22 25 
1 5 8 10 13 16 19 22 25 
1 5 7 10 13 16 19 22 25 
1 4 7 10 13 16 19 22 25 
1 4 7 10 13 16 19 22 25 
1 4 7 10 13 16 19 22 25 
1 4 7 10 13 16 19 22 25 
1 4 7 10 13 16 19 22 25 
1 4 7 10 13 16 19 24 26 
1 4 7 10 13 16 19 24 25 
1 4 7 10 13 16 19 22 25 
1 4 7 10 13 16 19 22 25 
1 6 8 10 13 16 19 22 25 
1 6 7 10 13 16 19 22 25 
1 4 7 10 13 16 19 22 25 
3 4 7 10 13 16 19 22 25 
1 4 7 10 13 16 19 23 25 
1 4 7 10 13 16 19 22 25 
1 5 7 10 13 16 19 22 25 
1 4 7 10 13 16 19 22 25 
1 4 7 10 13 16 19 22 25 
1 4 7 10 13 16 19 22 25 
1 4 7 10 13 16 19 22 25 
1 4 7 10 13 16 19 23 25 
1 4 7 10 13 16 19 22 25 
1 5 7 10 13 16 19 22 25 
1 4 7 10 13 16 19 22 25 
1 4 7 10 13 16 19 22 25 
1 4 7 10 13 16 19 22 25 
1 4 7 10 13 16 19 22 25 
1 4 7 10 13 16 19 22 25 
1 4 7 10 13 16 19 23 25 
1 4 7 10 13 16 19 22 25 
1 5 7 10 13 16 19 22 25 
1 4 7 10 13 16 19 22 25 
3 4 7 10 13 16 19 22 25 
1 4 7 10 13 16 19 22 25 
1 4 7 10 13 16 19 23 25 
1 4 7 10 13 16 19 22 25 
1 5 7 10 13 16 19 22 25 
1 4 7 10 13 16 19 22 25 
2 4 7 10 13 16 19 24 25 
1 4 7 10 13 16 19 24 25 
1 4 7 10 13 16 19 24 26 
1 4 7 10 13 16 19 24 25 
1 5 7 10 13 16 19 24 25 
2 4 7 10 13 16 19 24 25 
3 4 7 10 13 16 19 22 25 
1 4 7 10 13 16 19 22 25 
1 4 7 10 13 16 19 23 25 
1 4 7 10 13 16 19 22 25 
1 5 7 10 13 16 19 22 25 
1 4 7 10 13 16 19 22 25 
3 6 7 10 13 16 19 22 25 
1 6 7 10 13 16 19 22 25 
1 6 7 10 13 16 19 23 25 
1 6 7 10 13 16 19 22 25 
1 6 8 10 13 16 19 22 25 
3 6 7 10 13 16 19 22 25 
1 4 7 10 13 16 19 22 25 
1 4 7 10 13 16 19 22 25 
1 4 7 10 13 16 19 23 25 
1 4 7 10 13 16 19 22 25 
1 5 7 10 13 16 19 22 25 
1 4 7 10 13 16 19 22 25 
1 4 7 10 13 16 19 22 25 
1 4 7 10 13 16 19 22 25 
1 4 7 10 13 16 19 23 25 
1 4 7 10 13 16 19 22 25 
1 5 7 10 13 16 19 22 25 
1 4 7 10 13 16 19 22 25 
1 4 7 10 13 16 19 22 25 
1 4 7 10 13 16 19 22 25 
1 4 7 10 13 16 19 23 25 
1 5 7 10 13 16 19 22 25 
1 4 7 10 13 16 19 24 25 
1 4 7 10 13 16 19 24 26 
1 4 7 10 13 16 19 24 25 
1 5 7 10 13 16 19 24 25 
1 4 7 10 13 16 19 24 25 
1 4 7 10 13 16 19 22 25 
1 4 7 10 13 16 19 23 25 
1 4 7 10 13 16 19 22 25 
1 5 7 10 13 16 19 22 25 
1 4 7 10 13 16 19 22 25 
1 6 7 10 13 16 19 22 25 
1 6 7 10 13 16 19 23 25 
1 6 7 10 13 16 19 22 25 
1 6 8 10 13 16 19 22 25 
1 6 7 10 13 16 19 22 25 
1 4 7 10 13 16 19 22 25 
1 4 7 10 13 16 19 23 25 
1 4 7 10 13 16 19 22 25 
1 5 7 10 13 16 19 22 25 
1 4 7 10 13 16 19 22 25 
1 4 7 10 13 16 19 23 25 
1 4 7 10 13 16 19 23 26 
1 4 7 10 13 16 19 23 25 
1 5 7 10 13 16 19 23 25 
1 4 7 10 13 16 19 23 25 
1 4 7 10 13 16 19 23 25 
1 4 7 10 13 16 19 23 26 
1 4 7 10 13 16 19 23 25 
1 5 7 10 13 16 19 23 25 
1 4 7 10 13 16 19 23 25 
1 4 7 10 13 16 19 23 27 
2 4 7 10 13 16 19 23 27 
1 4 7 10 13 16 19 23 27 
1 4 7 10 13 16 19 23 27 
1 4 7 10 13 16 19 23 27 
1 5 7 10 13 16 19 23 27 
1 4 7 10 13 16 19 23 27 
1 4 7 10 13 16 19 23 26 
1 4 7 10 13 16 19 23 25 
1 5 7 10 13 16 19 23 25 
1 4 7 10 13 16 19 23 25 
1 6 7 10 13 16 19 23 26 
1 6 7 10 13 16 19 23 25 
1 6 8 10 13 16 19 23 25 
1 6 7 10 13 16 19 23 25 
1 4 7 10 13 16 19 23 26 
1 4 7 10 13 16 19 23 25 
1 5 7 10 13 16 19 23 25 
1 4 7 10 13 16 19 23 25 
1 4 7 10 13 16 19 22 25 
1 4 7 10 13 16 19 22 25 
1 5 7 10 13 16 19 22 25 
1 4 7 10 13 16 19 22 25 
1 4 7 10 13 16 19 22 25 
1 4 7 10 13 16 19 22 25 
1 5 7 10 13 16 19 22 25 
1 4 7 10 13 16 19 22 25 
1 4 7 10 13 16 19 24 26 
1 4 7 10 13 16 19 24 25 
1 5 7 10 13 16 19 24 25 
1 4 7 10 13 16 19 24 25 
1 4 7 10 13 16 19 22 25 
1 4 7 10 13 16 19 22 25 
1 4 7 10 13 16 19 22 25 
1 4 7 10 13 16 19 23 25 
1 4 7 10 13 16 19 22 25 
1 5 7 10 13 16 19 22 25 
1 4 7 10 13 16 19 22 25 
1 6 7 10 13 16 19 22 25 
1 6 8 10 13 16 19 22 25 
1 6 7 10 13 16 19 22 25 
1 4 7 10 13 16 19 22 25 
1 5 7 10 13 16 19 22 25 
1 4 7 10 13 16 19 22 25 
1 5 7 10 13 16 19 22 25 
1 5 8 10 13 16 19 22 25 
1 5 7 10 13 16 19 22 25 
1 5 7 10 13 16 19 22 25 
1 5 8 10 13 16 19 22 25 
1 5 7 10 13 16 19 22 25 
1 5 7 10 13 16 19 24 26 
1 5 8 10 13 16 19 24 25 
1 5 7 10 13 16 19 24 25 
1 5 7 10 13 16 19 22 25 
1 5 8 10 13 16 19 22 25 
1 5 7 10 13 16 19 22 25 
1 5 9 10 13 16 19 22 25 
1 5 9 10 13 16 19 22 25 
1 5 9 10 13 16 19 22 25 
1 5 9 10 13 16 19 23 25 
1 5 9 10 13 16 19 22 25 
1 5 9 11 13 16 19 22 25 
1 5 9 10 13 16 19 22 25 
1 5 8 10 13 16 19 22 25 
1 5 7 10 13 16 19 22 25 
1 4 7 10 13 16 19 22 25 
1 4 7 10 13 16 19 22 25 
1 4 7 10 13 16 19 22 25 
1 4 7 10 13 16 19 22 25 
1 4 7 10 13 16 19 24 26 
1 4 7 10 13 16 19 24 25 
1 4 7 10 13 16 19 22 25 
1 4 7 10 13 16 19 22 25 
1 6 8 10 13 16 19 22 25 
1 6 7 10 13 16 19 22 25 
1 4 7 10 13 16 19 22 25 
1 4 7 10 13 16 19 22 25 
1 4 7 10 13 16 19 22 25 
1 4 7 10 13 16 19 23 25 
1 4 7 10 13 16 19 22 25 
1 5 7 10 13 16 19 22 25 
1 4 7 10 13 16 19 22 25 
1 4 7 10 13 16 19 22 25 
1 4 7 10 13 16 19 22 25 
3 4 7 10 13 16 19 22 25 
1 4 7 10 13 16 19 23 25 
1 4 7 10 13 16 19 22 25 
1 5 7 10 13 16 19 22 25 
1 4 7 10 13 16 19 22 25 
3 4 7 10 13 16 19 22 25 
1 4 7 10 13 16 19 23 25 
1 4 7 10 13 16 19 22 25 
1 5 7 10 13 16 19 22 25 
1 4 7 10 13 16 19 22 25 
2 4 7 10 13 16 19 24 25 
3 5 7 10 13 16 19 24 25 
1 4 7 10 13 16 19 24 25 
3 4 7 10 13 16 19 22 25 
3 6 7 10 13 16 19 22 25 
1 6 7 10 13 16 19 23 25 
3 6 7 10 13 16 19 22 25 
3 6 8 10 13 16 19 22 25 
3 6 7 10 13 16 19 22 25 
3 4 7 10 13 16 19 22 25 
1 4 7 10 13 16 19 22 25 
1 4 7 10 13 16 19 22 25 
1 4 7 10 13 16 19 22 25 
1 4 7 10 13 16 19 22 25 
1 4 7 10 13 16 19 23 25 
1 4 7 10 13 16 19 22 25 
1 5 7 10 13 16 19 22 25 
1 4 7 10 13 16 19 22 25 
3 4 7 10 13 16 19 24 25 
1 4 7 10 13 16 19 24 25 
1 5 7 10 13 16 19 24 25 
1 4 7 10 13 16 19 24 25 
3 4 7 10 13 16 19 22 25 
3 6 7 10 13 16 19 22 25 
1 6 7 10 13 16 19 23 25 
1 6 7 10 13 16 19 22 25 
1 6 8 10 13 16 19 22 25 
3 6 7 10 13 16 19 22 25 
1 4 7 10 13 16 19 22 25 
1 4 7 10 13 16 19 23 25 
1 4 7 10 13 16 19 23 26 
1 4 7 10 13 16 19 23 25 
1 5 7 10 13 16 19 23 25 
1 4 7 10 13 16 19 23 25 
1 4 7 10 13 16 19 23 27 
1 4 7 10 13 16 19 23 27 
1 4 7 10 13 16 19 23 27 
1 4 7 10 13 16 19 23 27 
1 5 7 10 13 16 19 23 27 
1 4 7 10 13 16 19 23 27 
1 4 7 10 13 16 19 23 25 
1 6 7 10 13 16 19 23 26 
1 6 7 10 13 16 19 23 25 
1 6 8 10 13 16 19 23 25 
1 6 7 10 13 16 19 23 25 
1 4 7 10 13 16 19 23 25 
1 4 7 10 13 16 19 22 25 
1 4 7 10 13 16 19 22 25 
1 5 7 10 13 16 19 22 25 
1 4 7 10 13 16 19 22 25 
1 4 7 10 13 16 19 24 26 
1 4 7 10 13 16 19 24 25 
1 5 7 10 13 16 19 24 25 
1 4 7 10 13 16 19 24 25 
1 4 7 10 13 16 19 22 25 
1 4 7 10 13 16 19 22 25 
1 4 7 10 13 16 19 23 25 
1 4 7 10 13 16 19 22 25 
1 5 7 10 13 16 19 22 25 
1 4 7 10 13 16 19 22 25 
1 6 7 10 13 16 19 22 25 
1 6 8 10 13 16 19 22 25 
1 6 7 10 13 16 19 22 25 
2 4 7 10 13 16 19 22 25 
1 5 7 10 13 16 19 22 25 
1 4 7 10 13 16 19 22 25 
1 5 7 10 13 16 19 22 25 
1 5 8 10 13 16 19 22 25 
1 5 7 10 13 16 19 22 25 
1 5 7 10 13 16 19 24 26 
1 5 8 10 13 16 19 24 25 
1 5 7 10 13 16 19 24 25 
1 5 7 10 13 16 19 22 25 
1 5 9 10 13 16 19 22 25 
1 5 9 10 13 16 19 22 25 
1 5 9 10 13 16 19 23 25 
1 5 9 10 13 16 19 22 25 
1 5 9 11 13 16 19 22 25 
1 5 9 10 13 16 19 22 25 
1 4 7 10 13 16 19 22 25 
1 4 7 10 13 16 19 22 25 
1 4 7 10 13 16 19 24 26 
1 4 7 10 13 16 19 24 25 
3 4 7 10 13 16 19 22 25 
1 4 7 10 13 16 19 22 25 
1 6 8 10 13 16 19 22 25 
1 6 7 10 13 16 19 22 25 
3 4 7 10 13 16 19 22 25 
1 4 7 10 13 16 19 22 25 
1 4 7 10 13 16 19 23 25 
1 4 7 10 13 16 19 22 25 
1 5 7 10 13 16 19 22 25 
1 4 7 10 13 16 19 22 25 
3 4 7 10 13 16 19 24 25 
1 4 7 10 13 16 19 24 25 
1 4 7 10 13 16 19 24 25 
3 4 7 10 13 16 19 24 26 
1 4 7 10 13 16 19 24 25 
1 5 7 10 13 16 19 24 25 
1 4 7 10 13 16 19 24 25 
1 4 7 10 13 16 19 24 27 
3 4 7 10 13 16 19 24 27 
1 4 7 10 13 16 19 24 27 
1 5 7 10 13 16 19 24 27 
1 4 7 10 13 16 19 24 27 
3 4 7 10 13 16 19 24 25 
3 4 7 10 13 16 19 24 26 
3 4 7 10 13 16 19 24 25 
1 5 7 10 13 16 19 24 25 
3 4 7 10 13 16 19 24 25 
1 6 7 10 13 16 19 24 25 
3 6 7 10 13 16 19 24 25 
3 6 7 10 13 16 19 24 25 
1 4 7 10 13 16 19 24 25 
3 4 7 10 13 16 19 24 26 
3 4 7 10 13 16 19 24 25 
1 5 7 10 13 16 19 24 25 
1 4 7 10 13 16 19 24 25 
1 4 7 10 13 16 19 24 27 
1 4 7 10 13 16 19 24 27 
1 4 7 10 13 16 19 24 27 
1 5 7 10 13 16 19 24 27 
1 4 7 10 13 16 19 24 27 
1 4 7 10 13 16 19 24 26 
1 5 7 10 13 16 19 24 25 
1 6 7 10 13 16 19 24 25 
1 6 7 10 13 16 19 24 26 
1 6 7 10 13 16 19 24 25 
1 6 8 10 13 16 19 24 25 
1 6 7 10 13 16 19 24 25 
1 4 7 10 13 16 19 24 25 
1 4 7 10 13 16 19 24 26 
1 4 7 10 13 16 19 24 25 
1 5 7 10 13 16 19 24 25 
1 4 7 10 13 16 19 24 25 
1 4 7 10 13 16 19 24 26 
1 4 7 10 13 16 19 24 26 
1 4 7 10 13 16 19 24 26 
3 4 7 10 13 16 19 24 26 
1 4 7 10 13 16 19 24 26 
3 4 7 10 13 16 19 24 26 
1 4 7 10 13 16 19 24 26 
1 5 7 10 13 16 19 24 26 
2 4 7 10 13 16 19 24 26 
2 4 7 10 13 16 19 24 26 
3 4 7 10 13 16 19 24 26 
1 5 7 10 13 16 19 24 26 
3 4 7 10 13 16 19 24 26 
3 6 7 10 13 16 19 24 26 
3 6 7 10 13 16 19 24 26 
3 6 7 10 13 16 19 24 26 
1 4 7 10 13 16 19 24 26 
1 4 7 10 13 16 19 24 26 
1 5 7 10 13 16 19 24 26 
1 4 7 10 13 16 19 24 26 
1 4 7 10 13 16 19 24 27 
1 4 7 10 13 16 19 24 27 
1 5 7 10 13 16 19 24 27 
1 4 7 10 13 16 19 24 27 
2 4 7 10 13 16 19 24 25 
1 4 7 10 13 16 19 24 25 
1 4 7 10 13 16 19 24 26 
1 4 7 10 13 16 19 24 25 
1 5 7 10 13 16 19 24 25 
1 4 7 10 13 16 19 24 25 
1 6 7 10 13 16 19 24 25 
1 6 8 10 13 16 19 24 25 
1 6 7 10 13 16 19 24 25 
3 4 7 10 13 16 19 24 25 
1 5 7 10 13 16 19 24 25 
2 4 7 10 13 16 19 24 25 
1 5 7 10 13 16 19 24 27 
1 5 8 10 13 16 19 24 27 
1 5 7 10 13 16 19 24 27 
1 5 7 10 13 16 19 24 25 
1 5 8 10 13 16 19 24 25 
1 5 7 10 13 16 19 24 25 
1 5 9 10 13 16 19 24 25 
1 5 9 10 13 16 19 24 25 
1 5 9 10 13 16 19 24 26 
1 5 9 10 13 16 19 24 25 
1 5 9 11 13 16 19 24 25 
1 5 9 10 13 16 19 24 25 
1 5 8 10 13 16 19 24 25 
1 5 7 10 13 16 19 24 25 
1 4 7 10 13 16 19 24 27 
1 4 7 10 13 16 19 24 27 
3 4 7 10 13 16 19 24 25 
2 4 7 10 13 16 19 24 25 
1 6 8 10 13 16 19 24 25 
1 6 7 10 13 16 19 24 25 
3 4 7 10 13 16 19 24 25 
1 4 7 10 13 16 19 24 25 
1 4 7 10 13 16 19 24 26 
1 4 7 10 13 16 19 24 25 
1 5 7 10 13 16 19 24 25 
1 4 7 10 13 16 19 24 25 
1 4 7 10 13 16 19 22 25 
1 4 7 10 13 16 19 22 25 
1 4 7 10 13 16 19 22 25 
1 4 7 10 13 16 19 23 25 
1 4 7 10 13 16 19 22 25 
1 5 7 10 13 16 19 22 25 
1 4 7 10 13 16 19 22 25 
1 4 7 10 13 16 19 23 25 
1 4 7 10 13 16 19 22 25 
1 5 7 10 13 16 19 22 25 
1 4 7 10 13 16 19 22 25 
1 6 7 10 13 16 19 23 25 
3 6 7 10 13 16 19 22 25 
1 6 8 10 13 16 19 22 25 
3 6 7 10 13 16 19 22 25 
1 4 7 10 13 16 19 23 27 
1 4 7 10 13 16 19 23 27 
1 4 7 10 13 16 19 23 27 
1 5 7 10 13 16 19 23 27 
1 4 7 10 13 16 19 23 27 
1 4 7 10 13 16 19 23 26 
1 4 7 10 13 16 19 23 25 
1 5 7 10 13 16 19 23 25 
1 4 7 10 13 16 19 23 25 
1 6 7 10 13 16 19 23 26 
1 6 7 10 13 16 19 23 25 
1 6 8 10 13 16 19 23 25 
1 6 7 10 13 16 19 23 25 
1 4 7 10 13 16 19 22 25 
1 4 7 10 13 16 19 22 25 
3 4 7 10 13 16 19 24 25 
1 4 7 10 13 16 19 22 25 
1 4 7 10 13 16 19 23 25 
2 4 7 10 13 16 19 22 25 
1 5 7 10 13 16 19 22 25 
3 4 7 10 13 16 19 22 25 
3 6 7 10 13 16 19 22 25 
1 6 8 10 13 16 19 22 25 
3 6 7 10 13 16 19 22 25 
1 5 7 10 13 16 19 22 25 
1 5 8 10 13 16 19 22 25 
1 5 7 10 13 16 19 22 25 
1 5 9 10 13 16 19 22 25 
1 5 9 10 13 16 19 23 25 
1 5 9 10 13 16 19 22 25 
1 5 9 11 13 16 19 22 25 
1 5 9 10 13 16 19 22 25 
1 4 7 10 13 16 19 22 25 
1 4 7 10 13 16 19 22 25 
1 6 8 10 13 16 19 22 25 
1 6 7 10 13 16 19 22 25 
3 4 7 10 13 16 19 22 25 
1 4 7 10 13 16 19 23 25 
2 4 7 10 13 16 19 22 25 
1 5 7 10 13 16 19 22 25 
1 4 7 10 13 16 19 22 25 
3 6 7 10 13 16 19 22 25 
3 6 7 10 13 16 19 22 25 
1 6 7 10 13 16 19 22 25 
1 6 7 10 13 16 19 23 25 
1 6 7 10 13 16 19 22 25 
3 6 8 10 13 16 19 22 25 
1 6 7 10 13 16 19 22 25 
1 6 9 10 13 16 19 22 25 
1 6 9 10 13 16 19 23 25 
1 6 9 10 13 16 19 22 25 
3 6 9 11 13 16 19 22 25 
1 6 9 10 13 16 19 22 25 
3 6 7 10 13 16 19 22 25 
1 6 7 10 13 16 19 23 25 
1 6 7 10 13 16 19 22 25 
1 6 8 10 13 16 19 22 25 
1 6 7 10 13 16 19 22 25 
3 6 9 10 13 16 19 22 25 
1 6 9 10 13 16 19 23 25 
1 6 9 10 13 16 19 22 25 
1 6 9 11 13 16 19 22 25 
1 6 9 10 13 16 19 22 25 
1 6 7 10 13 16 19 23 25 
1 6 8 10 13 16 19 22 25 
1 6 7 10 13 16 19 23 27 
1 6 7 10 13 16 19 23 27 
1 6 7 10 13 16 19 23 27 
1 6 7 10 13 16 19 23 27 
1 6 8 10 13 16 19 23 27 
1 6 7 10 13 16 19 23 27 
1 6 9 10 13 16 19 23 26 
1 6 9 10 13 16 19 23 25 
1 6 9 11 13 16 19 23 25 
1 6 9 10 13 16 19 23 25 
1 6 7 10 13 16 19 23 26 
1 6 7 10 13 16 19 23 25 
1 6 8 10 13 16 19 23 25 
1 6 7 10 13 16 19 23 25 
1 6 7 10 13 16 19 22 25 
1 6 7 10 13 16 19 22 25 
1 6 7 10 13 16 19 23 25 
1 6 7 10 13 16 19 22 25 
1 6 8 10 13 16 19 22 25 
1 6 7 10 13 16 19 22 25 
1 6 9 10 13 16 19 22 25 
1 6 9 11 13 16 19 22 25 
1 6 9 10 13 16 19 22 25 
3 6 7 10 13 16 19 22 25 
1 6 8 10 13 16 19 22 25 
1 6 7 10 13 16 19 22 25 
1 6 8 11 13 16 19 22 25 
1 6 8 11 13 16 19 22 25 
1 6 8 11 13 16 19 22 25 
1 6 8 11 13 16 19 24 25 
1 6 8 11 13 16 19 22 25 
3 6 8 12 13 16 19 22 25 
1 6 8 12 13 16 19 22 25 
1 6 8 12 13 16 19 23 25 
1 6 8 12 13 16 19 22 25 
1 6 8 12 14 16 19 22 25 
1 6 8 12 13 16 19 22 25 
1 6 8 11 13 16 19 22 25 
1 6 8 10 13 16 19 22 25 
1 6 9 11 13 16 19 22 25 
1 6 9 10 13 16 19 22 25 
3 6 7 10 13 16 19 22 25 
1 6 7 10 13 16 19 22 25 
1 6 7 10 13 16 19 23 25 
1 6 7 10 13 16 19 22 25 
1 6 8 10 13 16 19 22 25 
1 6 7 10 13 16 19 22 25 
1 4 7 10 13 16 19 22 25 
1 4 7 10 13 16 19 22 25 
1 4 7 10 13 16 19 22 25 
1 4 7 10 13 16 19 23 25 
1 4 7 10 13 16 19 22 25 
1 5 7 10 13 16 19 22 25 
1 4 7 10 13 16 19 22 25 
1 4 7 10 13 16 19 23 25 
2 4 7 10 13 16 19 22 25 
1 5 7 10 13 16 19 22 25 
1 4 7 10 13 16 19 22 25 
1 4 7 10 13 16 19 23 27 
1 4 7 10 13 16 19 23 27 
1 4 7 10 13 16 19 23 27 
1 5 7 10 13 16 19 23 27 
1 4 7 10 13 16 19 23 27 
1 4 7 10 13 16 19 23 26 
1 4 7 10 13 16 19 23 25 
1 5 7 10 13 16 19 23 25 
1 4 7 10 13 16 19 23 25 
1 4 7 10 13 16 19 22 25 
1 4 7 10 13 16 19 23 25 
1 4 7 10 13 16 19 22 25 
1 5 7 10 13 16 19 22 25 
1 4 7 10 13 16 19 22 25 
1 4 7 10 13 16 19 22 25 
1 5 7 10 13 16 19 22 25 
1 4 7 10 13 16 19 22 25 
1 5 9 10 13 16 19 22 25 
1 5 9 10 13 16 19 23 25 
1 5 9 10 13 16 19 22 25 
1 5 9 11 13 16 19 22 25 
1 5 9 10 13 16 19 22 25 
1 5 8 10 13 16 19 22 25 
1 5 7 10 13 16 19 22 25 
1 4 7 10 13 16 19 22 25 
1 4 7 10 13 16 19 22 25 
1 4 7 10 13 16 19 24 25 
1 6 7 10 13 16 19 22 25 
1 4 7 10 13 16 19 22 25 
1 4 7 10 13 16 19 23 25 
1 4 7 10 13 16 19 22 25 
1 5 7 10 13 16 19 22 25 
1 4 7 10 13 16 19 22 25 
1 4 7 10 13 16 19 23 26 
1 4 7 10 13 16 19 23 25 
1 5 7 10 13 16 19 23 25 
1 4 7 10 13 16 19 23 25 
1 4 7 10 13 16 19 23 25 
1 4 7 10 13 16 19 23 25 
1 4 7 10 13 16 19 23 26 
1 4 7 10 13 16 19 23 25 
1 5 7 10 13 16 19 23 25 
1 4 7 10 13 16 19 23 25 
1 4 7 10 13 16 19 23 25 
1 4 7 10 13 16 19 23 25 
1 4 7 10 13 16 19 23 26 
1 5 7 10 13 16 19 23 25 
1 4 7 10 13 16 19 23 25 
1 4 7 10 13 16 19 23 27 
1 4 7 10 13 16 19 23 27 
1 4 7 10 13 16 19 23 27 
1 5 7 10 13 16 19 23 27 
1 4 7 10 13 16 19 23 27 
1 4 7 10 13 16 19 23 25 
1 4 7 10 13 16 19 23 26 
1 4 7 10 13 16 19 23 25 
1 5 7 10 13 16 19 23 25 
1 4 7 10 13 16 19 23 25 
1 6 7 10 13 16 19 23 25 
1 6 7 10 13 16 19 23 26 
1 6 7 10 13 16 19 23 25 
1 6 8 10 13 16 19 23 25 
1 6 7 10 13 16 19 23 25 
1 4 7 10 13 16 19 23 25 
1 4 7 10 13 16 19 23 26 
1 5 7 10 13 16 19 23 25 
1 4 7 10 13 16 19 23 25 
1 4 7 10 13 16 19 23 26 
1 4 7 10 13 16 19 23 26 
1 4 7 10 13 16 19 23 26 
1 5 7 10 13 16 19 23 26 
1 4 7 10 13 16 19 23 26 
1 4 7 10 13 16 19 23 26 
1 4 7 10 13 16 19 23 26 
1 5 7 10 13 16 19 23 26 
1 4 7 10 13 16 19 23 26 
3 4 7 10 13 16 19 23 26 
1 4 7 10 13 16 19 23 26 
1 4 7 10 13 16 19 23 26 
1 4 7 10 13 16 19 23 26 
1 4 7 10 13 16 19 23 26 
1 5 7 10 13 16 19 23 26 
1 4 7 10 13 16 19 23 26 
1 4 7 10 13 16 19 23 26 
1 5 7 10 13 16 19 23 26 
1 4 7 10 13 16 19 23 26 
1 6 7 10 13 16 19 23 26 
1 6 8 10 13 16 19 23 26 
1 6 7 10 13 16 19 23 26 
1 4 7 10 13 16 19 23 26 
1 5 7 10 13 16 19 23 26 
1 4 7 10 13 16 19 23 26 
1 4 7 10 13 16 19 23 25 
1 4 7 10 13 16 19 23 25 
1 5 7 10 13 16 19 23 25 
1 4 7 10 13 16 19 23 25 
1 4 7 10 13 16 19 23 27 
1 4 7 10 13 16 19 23 27 
1 5 7 10 13 16 19 23 27 
1 4 7 10 13 16 19 23 27 
1 6 8 10 13 16 19 23 25 
1 6 7 10 13 16 19 23 25 
1 5 7 10 13 16 19 23 25 
1 5 7 10 13 16 19 23 25 
1 5 8 10 13 16 19 23 25 
1 5 7 10 13 16 19 23 25 
1 5 7 10 13 16 19 23 25 
1 5 8 10 13 16 19 23 25 
1 5 7 10 13 16 19 23 25 
1 5 7 10 13 16 19 23 27 
1 5 8 10 13 16 19 23 27 
1 5 7 10 13 16 19 23 27 
1 5 7 10 13 16 19 23 25 
1 5 8 10 13 16 19 23 25 
1 5 7 10 13 16 19 23 25 
1 5 9 10 13 16 19 23 25 
1 5 9 10 13 16 19 23 26 
1 5 9 10 13 16 19 23 25 
1 5 9 11 13 16 19 23 25 
1 5 9 10 13 16 19 23 25 
1 5 8 10 13 16 19 23 25 
1 5 7 10 13 16 19 23 25 
1 4 7 10 13 16 19 23 25 
1 4 7 10 13 16 19 23 25 
1 4 7 10 13 16 19 23 25 
1 4 7 10 13 16 19 23 25 
1 4 7 10 13 16 19 23 25 
1 4 7 10 13 16 19 23 27 
1 4 7 10 13 16 19 23 27 
1 4 7 10 13 16 19 23 25 
1 4 7 10 13 16 19 23 25 
1 6 8 10 13 16 19 23 25 
1 6 7 10 13 16 19 23 25 
1 4 7 10 13 16 19 23 25 
1 4 7 10 13 16 19 23 26 
1 5 7 10 13 16 19 23 25 
1 4 7 10 13 16 19 23 25 
1 4 7 10 13 16 19 23 25 
1 4 7 10 13 16 19 23 25 
1 4 7 10 13 16 19 23 26 
1 4 7 10 13 16 19 23 25 
1 5 7 10 13 16 19 23 25 
1 4 7 10 13 16 19 23 25 
1 4 7 10 13 16 19 23 25 
1 4 7 10 13 16 19 23 27 
1 4 7 10 13 16 19 23 27 
1 4 7 10 13 16 19 23 27 
1 5 7 10 13 16 19 23 27 
1 4 7 10 13 16 19 23 27 
3 6 7 10 13 16 19 23 25 
3 6 7 10 13 16 19 23 25 
1 6 7 10 13 16 19 23 25 
3 4 7 10 13 16 19 23 25 
3 4 7 10 13 16 19 23 26 
3 4 7 10 13 16 19 23 25 
2 5 7 10 13 16 19 23 25 
1 4 7 10 13 16 19 23 25 
1 4 7 10 13 16 19 23 26 
1 4 7 10 13 16 19 23 26 
1 5 7 10 13 16 19 23 26 
1 4 7 10 13 16 19 23 26 
1 4 7 10 13 16 19 23 26 
3 4 7 10 13 16 19 23 26 
3 4 7 10 13 16 19 23 26 
1 4 7 10 13 16 19 23 26 
1 4 7 10 13 16 19 23 26 
1 4 7 10 13 16 19 23 26 
1 5 7 10 13 16 19 23 26 
1 4 7 10 13 16 19 23 26 
2 6 7 10 13 16 19 23 26 
1 6 7 10 13 16 19 23 26 
1 4 7 10 13 16 19 23 26 
1 5 7 10 13 16 19 23 26 
1 4 7 10 13 16 19 23 26 
1 4 7 10 13 16 19 23 25 
1 4 7 10 13 16 19 23 25 
1 5 7 10 13 16 19 23 25 
1 4 7 10 13 16 19 23 25 
1 5 7 10 13 16 19 23 25 
1 4 7 10 13 16 19 23 27 
1 4 7 10 13 16 19 23 27 
1 5 7 10 13 16 19 23 27 
1 4 7 10 13 16 19 23 27 
1 4 7 10 13 16 19 23 25 
1 4 7 10 13 16 19 23 26 
1 4 7 10 13 16 19 23 25 
1 5 7 10 13 16 19 23 25 
1 4 7 10 13 16 19 23 25 
1 6 7 10 13 16 19 23 25 
1 6 8 10 13 16 19 23 25 
1 6 7 10 13 16 19 23 25 
3 4 7 10 13 16 19 23 25 
1 5 7 10 13 16 19 23 25 
3 4 7 10 13 16 19 23 25 
1 5 7 10 13 16 19 23 25 
1 5 8 10 13 16 19 23 25 
1 5 7 10 13 16 19 23 25 
1 5 7 10 13 16 19 23 27 
1 5 8 10 13 16 19 23 27 
1 5 7 10 13 16 19 23 27 
1 5 9 10 13 16 19 23 25 
1 5 9 10 13 16 19 23 26 
1 5 9 10 13 16 19 23 25 
1 5 9 11 13 16 19 23 25 
1 5 9 10 13 16 19 23 25 
1 5 8 10 13 16 19 23 25 
1 5 7 10 13 16 19 23 25 
1 4 7 10 13 16 19 23 25 
1 4 7 10 13 16 19 23 25 
1 4 7 10 13 16 19 23 27 
1 4 7 10 13 16 19 23 27 
1 6 8 10 13 16 19 23 25 
1 6 7 10 13 16 19 23 25 
1 4 7 10 13 16 19 23 25 
1 4 7 10 13 16 19 23 26 
1 4 7 10 13 16 19 23 25 
1 5 7 10 13 16 19 23 25 
1 4 7 10 13 16 19 23 25 
1 4 7 10 13 16 19 23 25 
1 4 7 10 13 16 19 23 25 
1 4 7 10 13 16 19 23 26 
1 5 7 10 13 16 19 23 25 
1 4 7 10 13 16 19 23 25 
1 4 7 10 13 16 19 23 27 
1 4 7 10 13 16 19 23 27 
1 5 7 10 13 16 19 23 27 
1 4 7 10 13 16 19 23 27 
1 6 7 10 13 16 19 23 25 
1 6 7 10 13 16 19 23 26 
1 6 8 10 13 16 19 23 25 
1 6 7 10 13 16 19 23 25 
1 4 7 10 13 16 19 23 26 
1 5 7 10 13 16 19 23 26 
1 4 7 10 13 16 19 23 26 
1 4 7 10 13 16 19 23 26 
1 4 7 10 13 16 19 23 26 
1 4 7 10 13 16 19 23 26 
1 4 7 10 13 16 19 23 26 
3 4 7 10 13 16 19 23 26 
1 5 7 10 13 16 19 23 26 
1 4 7 10 13 16 19 23 26 
1 6 8 10 13 16 19 23 26 
1 6 7 10 13 16 19 23 26 
1 5 7 10 13 16 19 23 25 
1 5 8 10 13 16 19 23 25 
1 5 7 10 13 16 19 23 25 
1 5 7 10 13 16 19 23 27 
1 5 8 10 13 16 19 23 27 
1 5 7 10 13 16 19 23 27 
1 5 9 10 13 16 19 23 25 
1 5 9 10 13 16 19 23 26 
1 5 9 11 13 16 19 23 25 
1 5 9 10 13 16 19 23 25 
1 4 7 10 13 16 19 23 25 
1 4 7 10 13 16 19 23 25 
1 4 7 10 13 16 19 23 27 
1 4 7 10 13 16 19 23 27 
1 6 8 10 13 16 19 23 25 
1 6 7 10 13 16 19 23 25 
1 4 7 10 13 16 19 23 25 
1 4 7 10 13 16 19 23 26 
1 5 7 10 13 16 19 23 25 
1 4 7 10 13 16 19 23 25 
1 4 7 10 13 16 19 23 27 
1 4 7 10 13 16 19 23 27 
1 4 7 10 13 16 19 23 27 
1 4 7 10 13 16 19 23 27 
1 4 7 10 13 16 19 23 27 
1 5 7 10 13 16 19 23 27 
1 4 7 10 13 16 19 23 27 
1 4 7 10 13 16 19 23 27 
1 4 7 10 13 16 19 23 27 
1 4 7 10 13 16 19 23 27 
1 4 7 10 13 16 19 23 27 
1 5 7 10 13 16 19 23 27 
1 4 7 10 13 16 19 23 27 
1 4 7 10 13 16 19 23 27 
1 4 7 10 13 16 19 23 27 
1 4 7 10 13 16 19 23 27 
1 5 7 10 13 16 19 23 27 
1 4 7 10 13 16 19 23 27 
1 4 7 10 13 16 19 23 27 
1 4 7 10 13 16 19 23 27 
1 4 7 10 13 16 19 23 27 
1 4 7 10 13 16 19 23 27 
1 4 7 10 13 16 19 23 27 
1 4 7 10 13 16 19 23 27 
1 4 7 10 13 16 19 23 27 
1 4 7 10 13 16 19 23 27 
1 5 7 10 13 16 19 23 27 
1 4 7 10 13 16 19 23 27 
1 4 7 10 13 16 19 23 27 
1 4 7 10 13 16 19 23 27 
1 5 7 10 13 16 19 23 27 
1 4 7 10 13 16 19 23 27 
1 6 7 10 13 16 19 23 27 
1 6 7 10 13 16 19 23 27 
1 6 8 10 13 16 19 23 27 
1 6 7 10 13 16 19 23 27 
1 4 7 10 13 16 19 23 27 
1 4 7 10 13 16 19 23 27 
1 5 7 10 13 16 19 23 27 
1 4 7 10 13 16 19 23 27 
1 4 7 10 13 16 19 23 27 
1 4 7 10 13 16 19 23 27 
1 5 7 10 13 16 19 23 27 
1 4 7 10 13 16 19 23 27 
1 4 7 10 13 16 19 23 27 
1 4 7 10 13 16 19 23 27 
1 4 7 10 13 16 19 23 27 
1 5 7 10 13 16 19 23 27 
1 6 7 10 13 16 19 23 27 
1 6 8 10 13 16 19 23 27 
1 6 7 10 13 16 19 23 27 
1 4 7 10 13 16 19 23 27 
1 5 7 10 13 16 19 23 27 
1 4 7 10 13 16 19 23 27 
1 5 7 10 13 16 19 23 27 
1 5 8 10 13 16 19 23 27 
1 5 7 10 13 16 19 23 27 
1 5 7 10 13 16 19 23 27 
1 5 8 10 13 16 19 23 27 
1 5 7 10 13 16 19 23 27 
1 5 9 10 13 16 19 23 27 
1 5 9 10 13 16 19 23 27 
1 5 9 10 13 16 19 23 27 
1 5 9 10 13 16 19 23 27 
1 5 9 10 13 16 19 23 27 
1 5 9 11 13 16 19 23 27 
1 5 9 10 13 16 19 23 27 
1 5 8 10 13 16 19 23 27 
1 5 7 10 13 16 19 23 27 
1 4 7 10 13 16 19 23 27 
1 4 7 10 13 16 19 23 27 
1 4 7 10 13 16 19 23 27 
1 4 7 10 13 16 19 23 27 
1 6 8 10 13 16 19 23 27 
1 6 7 10 13 16 19 23 27 
1 4 7 10 13 16 19 23 27 
1 4 7 10 13 16 19 23 27 
1 4 7 10 13 16 19 23 27 
1 4 7 10 13 16 19 23 27 
1 4 7 10 13 16 19 23 27 
1 5 7 10 13 16 19 23 27 
1 4 7 10 13 16 19 23 27 
1 4 7 10 13 16 19 23 26 
1 4 7 10 13 16 19 23 26 
3 4 7 10 13 16 19 23 26 
1 4 7 10 13 16 19 23 26 
1 4 7 10 13 16 19 23 26 
1 5 7 10 13 16 19 23 26 
1 4 7 10 13 16 19 23 26 
1 4 7 10 13 16 19 23 26 
1 5 7 10 13 16 19 23 26 
1 4 7 10 13 16 19 23 26 
1 6 7 10 13 16 19 23 26 
1 6 8 10 13 16 19 23 26 
1 6 7 10 13 16 19 23 26 
1 4 7 10 13 16 19 23 25 
1 4 7 10 13 16 19 23 27 
1 4 7 10 13 16 19 23 26 
1 4 7 10 13 16 19 23 25 
1 5 7 10 13 16 19 23 25 
1 4 7 10 13 16 19 23 25 
1 6 7 10 13 16 19 23 25 
1 6 8 10 13 16 19 23 25 
1 6 7 10 13 16 19 23 25 
1 5 7 10 13 16 19 23 25 
1 5 8 10 13 16 19 23 25 
1 5 7 10 13 16 19 23 25 
1 5 9 10 13 16 19 23 26 
1 5 9 10 13 16 19 23 25 
1 5 9 11 13 16 19 23 25 
1 5 9 10 13 16 19 23 25 
1 4 7 10 13 16 19 23 25 
1 4 7 10 13 16 19 23 25 
1 6 8 10 13 16 19 23 25 
1 6 7 10 13 16 19 23 25 
1 4 7 10 13 16 19 23 26 
1 4 7 10 13 16 19 23 25 
1 5 7 10 13 16 19 23 25 
1 4 7 10 13 16 19 23 25 
2 6 7 10 13 16 19 23 26 
1 6 7 10 13 16 19 23 26 
3 6 7 10 13 16 19 23 26 
2 6 7 10 13 16 19 23 26 
3 6 7 10 13 16 19 23 26 
3 6 8 10 13 16 19 23 26 
2 6 7 10 13 16 19 23 26 
1 6 9 10 13 16 19 23 26 
1 6 9 11 13 16 19 23 26 
1 6 9 10 13 16 19 23 26 
3 6 7 10 13 16 19 23 26 
1 6 8 10 13 16 19 23 26 
1 6 7 10 13 16 19 23 26 
1 6 9 10 13 16 19 23 25 
1 6 9 11 13 16 19 23 25 
1 6 9 10 13 16 19 23 25 
1 6 8 10 13 16 19 23 25 
1 6 8 11 13 16 19 23 25 
1 6 8 11 13 16 19 23 25 
1 6 8 11 13 16 19 23 25 
1 6 8 11 13 16 19 23 27 
1 6 8 11 13 16 19 23 25 
3 6 8 12 13 16 19 23 26 
1 6 8 12 13 16 19 23 25 
1 6 8 12 14 16 19 23 25 
1 6 8 12 13 16 19 23 25 
1 6 8 11 13 16 19 23 25 
1 6 8 10 13 16 19 23 25 
1 6 9 11 13 16 19 23 25 
1 6 9 10 13 16 19 23 25 
1 6 7 10 13 16 19 23 26 
1 6 7 10 13 16 19 23 25 
1 6 8 10 13 16 19 23 25 
1 6 7 10 13 16 19 23 25 
3 4 7 10 13 16 19 23 26 
1 4 7 10 13 16 19 23 26 
3 4 7 10 13 16 19 23 26 
1 4 7 10 13 16 19 23 26 
3 4 7 10 13 16 19 23 26 
1 5 7 10 13 16 19 23 26 
1 4 7 10 13 16 19 23 26 
1 5 7 10 13 16 19 23 26 
1 4 7 10 13 16 19 23 26 
1 5 9 10 13 16 19 23 26 
1 5 9 11 13 16 19 23 25 
1 5 9 10 13 16 19 23 25 
1 5 8 10 13 16 19 23 25 
1 5 7 10 13 16 19 23 25 
1 4 7 10 13 16 19 23 25 
1 4 7 10 13 16 19 23 25 
1 4 7 10 13 16 19 23 27 
1 6 7 10 13 16 19 23 25 
1 4 7 10 13 16 19 23 26 
1 5 7 10 13 16 19 23 25 
1 4 7 10 13 16 19 23 25 
1 5 8 10 13 16 19 22 25 
1 5 7 10 13 16 19 22 25 
1 5 7 10 13 16 19 22 25 
1 5 7 10 13 16 19 22 25 
1 5 8 10 13 16 19 22 25 
1 5 7 10 13 16 19 22 25 
1 5 7 10 13 16 19 22 25 
1 5 7 10 13 16 19 22 25 
1 5 8 10 13 16 19 22 25 
1 5 7 10 13 16 19 24 25 
1 5 7 10 13 16 19 24 26 
1 5 8 10 13 16 19 24 25 
1 5 7 10 13 16 19 24 25 
1 5 7 10 13 16 19 22 25 
1 5 7 10 13 16 19 22 25 
1 5 8 10 13 16 19 22 25 
1 5 9 10 13 16 19 22 25 
1 5 9 11 13 16 19 22 25 
1 5 9 10 13 16 19 22 25 
1 5 7 10 13 16 19 22 25 
1 5 8 10 13 16 19 22 25 
1 5 7 10 13 16 19 22 25 
1 5 8 10 13 16 19 22 25 
1 5 8 10 13 16 19 22 25 
1 5 8 10 13 16 19 22 25 
1 5 8 10 13 16 19 22 25 
1 5 8 10 13 16 19 22 25 
1 5 8 10 13 16 19 24 26 
1 5 8 10 13 16 19 24 25 
1 5 8 10 13 16 19 22 25 
1 5 8 10 13 16 19 22 25 
1 5 8 12 13 16 19 22 25 
1 5 8 12 13 16 19 22 25 
1 5 8 12 13 16 19 22 25 
1 5 8 12 13 16 19 23 25 
1 5 8 12 13 16 19 22 25 
1 5 8 12 14 16 19 22 25 
1 5 8 12 13 16 19 22 25 
1 5 8 10 13 16 19 22 25 
1 5 7 10 13 16 19 22 25 
1 5 7 10 13 16 19 22 25 
1 5 7 10 13 16 19 24 26 
1 5 9 11 13 16 19 22 25 
1 5 9 10 13 16 19 22 25 
1 5 7 10 13 16 19 22 25 
1 5 7 10 13 16 19 22 25 
1 5 8 10 13 16 19 22 25 
1 5 7 10 13 16 19 22 25 
1 5 9 10 13 16 19 22 25 
1 5 9 11 13 16 19 22 25 
1 5 9 10 13 16 19 22 25 
1 5 7 10 13 16 19 22 25 
1 5 8 10 13 16 19 22 25 
1 5 7 10 13 16 19 22 25 
1 5 8 10 13 16 19 22 25 
1 5 8 10 13 16 19 22 25 
1 5 8 12 13 16 19 22 25 
1 5 8 12 13 16 19 22 25 
1 5 8 12 13 16 19 22 25 
1 5 8 12 13 16 19 23 25 
1 5 8 12 13 16 19 22 25 
1 5 8 12 14 16 19 22 25 
1 5 8 12 13 16 19 22 25 
1 5 8 10 13 16 19 22 25 
1 5 7 10 13 16 19 22 25 
1 5 7 10 13 16 19 22 25 
1 5 9 11 13 16 19 22 25 
1 5 9 10 13 16 19 22 25 
1 5 7 10 13 16 19 22 25 
1 5 8 10 13 16 19 22 25 
1 5 7 10 13 16 19 22 25 
1 5 7 10 13 16 19 22 25 
1 5 7 10 13 16 19 22 25 
1 5 8 10 13 16 19 22 25 
1 5 9 10 13 16 19 22 25 
1 5 9 11 13 16 19 22 25 
1 5 8 10 13 16 19 22 25 
1 5 8 12 13 16 19 22 25 
1 5 8 12 13 16 19 22 25 
1 5 8 12 13 16 19 22 25 
1 5 8 12 13 16 19 23 25 
1 5 8 12 13 16 19 22 25 
1 5 8 12 14 16 19 22 25 
1 5 8 12 13 16 19 22 25 
1 5 7 10 13 16 19 24 26 
1 5 7 10 13 16 19 24 26 
1 5 8 10 13 16 19 24 26 
1 5 7 10 13 16 19 24 26 
1 5 7 10 13 16 19 24 26 
1 5 7 10 13 16 19 24 26 
1 5 8 10 13 16 19 24 26 
1 5 7 10 13 16 19 24 26 
1 5 9 10 13 16 19 24 26 
1 5 9 11 13 16 19 24 26 
1 5 9 10 13 16 19 24 26 
1 5 7 10 13 16 19 24 26 
1 5 8 10 13 16 19 24 26 
1 5 7 10 13 16 19 24 26 
1 5 8 10 13 16 19 24 27 
1 5 8 10 13 16 19 24 27 
1 5 8 10 13 16 19 24 25 
1 5 8 10 13 16 19 24 25 
2 5 8 12 13 16 19 24 25 
1 5 8 12 13 16 19 24 25 
1 5 8 12 13 16 19 24 25 
1 5 8 12 13 16 19 24 26 
1 5 8 12 13 16 19 24 25 
1 5 8 12 14 16 19 24 25 
1 5 8 12 13 16 19 24 25 
1 5 8 10 13 16 19 24 25 
1 5 7 10 13 16 19 24 27 
1 5 7 10 13 16 19 24 27 
1 5 9 11 13 16 19 24 25 
1 5 9 10 13 16 19 24 25 
1 5 7 10 13 16 19 24 26 
1 5 8 10 13 16 19 24 25 
1 5 7 10 13 16 19 24 25 
1 5 7 10 13 16 19 22 25 
1 5 7 10 13 16 19 24 25 
1 5 7 10 13 16 19 22 25 
1 5 8 10 13 16 19 22 25 
1 5 9 10 13 16 19 22 25 
1 5 9 11 13 16 19 22 25 
1 5 8 10 13 16 19 22 25 
1 5 8 12 13 16 19 22 25 
1 5 8 12 13 16 19 22 25 
1 5 8 12 13 16 19 22 25 
1 5 8 12 13 16 19 23 25 
1 5 8 12 13 16 19 22 25 
1 5 8 12 14 16 19 22 25 
1 5 8 12 13 16 19 22 25 
1 5 9 12 13 16 19 22 25 
2 5 9 12 13 16 19 22 25 
1 5 9 12 13 16 19 22 25 
1 5 9 12 13 16 19 23 25 
2 5 9 12 13 16 19 22 25 
1 5 9 12 14 16 19 22 25 
2 5 9 12 13 16 19 22 25 
1 5 9 12 13 16 19 22 25 
1 5 9 12 13 16 19 22 25 
1 5 9 12 13 16 19 23 25 
1 5 9 12 13 16 19 22 25 
1 5 9 12 14 16 19 22 25 
1 5 9 12 13 16 19 22 25 
3 5 9 12 13 16 19 22 25 
1 5 9 12 13 16 19 23 25 
1 5 9 12 13 16 19 22 25 
1 5 9 12 14 16 19 22 25 
1 5 9 12 13 16 19 22 25 
1 5 9 12 13 16 19 23 26 
1 5 9 12 13 16 19 23 25 
1 5 9 12 14 16 19 23 25 
1 5 9 12 13 16 19 23 25 
1 5 9 12 13 16 19 22 25 
1 5 9 12 14 16 19 22 25 
1 5 9 12 13 16 19 22 25 
1 5 9 11 14 16 19 22 25 
1 5 9 11 14 16 19 22 25 
1 5 9 11 14 16 19 22 25 
1 5 9 11 14 16 19 24 25 
1 5 9 11 14 16 19 22 25 
2 5 9 11 15 16 19 22 25 
1 5 9 11 15 16 19 22 25 
2 5 9 11 15 16 19 22 25 
1 5 9 11 15 16 19 23 25 
1 5 9 11 15 16 19 22 25 
1 5 9 11 15 17 19 22 25 
1 5 9 11 15 16 19 22 25 
1 5 9 11 14 16 19 22 25 
1 5 9 11 13 16 19 22 25 
1 5 9 12 14 16 19 22 25 
1 5 9 12 13 16 19 22 25 
2 5 9 10 13 16 19 22 25 
1 5 9 10 13 16 19 22 25 
1 5 9 10 13 16 19 23 25 
1 5 9 11 13 16 19 22 25 
1 5 8 12 13 16 19 22 25 
1 5 8 12 13 16 19 22 25 
1 5 8 12 13 16 19 22 25 
1 5 8 12 13 16 19 23 25 
1 5 8 12 13 16 19 22 25 
1 5 8 12 14 16 19 22 25 
1 5 8 12 13 16 19 22 25 
1 5 8 10 13 16 19 22 25 
1 5 7 10 13 16 19 22 25 
1 5 7 10 13 16 19 22 25 
1 5 7 10 13 16 19 24 25 
1 5 9 10 13 16 19 22 25 
1 5 8 10 13 16 19 22 25 
1 5 7 10 13 16 19 22 25 
1 4 7 10 13 16 19 22 25 
3 4 7 10 13 16 19 22 25 
3 4 7 10 13 16 19 23 25 
1 4 7 10 13 16 19 22 25 
1 5 7 10 13 16 19 22 25 
1 4 7 10 13 16 19 22 25 
1 4 7 10 13 16 19 22 25 
1 4 7 10 13 16 19 22 25 
1 4 7 10 13 16 19 22 25 
2 4 7 10 13 16 19 23 25 
1 4 7 10 13 16 19 22 25 
1 5 7 10 13 16 19 22 25 
1 4 7 10 13 16 19 22 25 
3 4 7 10 13 16 19 22 25 
3 6 7 10 13 16 19 23 25 
1 4 7 10 13 16 19 22 25 
1 4 7 10 13 16 19 22 25 
3 4 7 10 13 16 19 22 25 
3 4 7 10 13 16 19 23 25 
1 4 7 10 13 16 19 22 25 
1 5 7 10 13 16 19 22 25 
1 4 7 10 13 16 19 22 25 
1 4 7 10 13 16 19 22 25 
1 4 7 10 13 16 19 22 25 
3 4 7 10 13 16 19 22 25 
3 4 7 10 13 16 19 23 25 
1 4 7 10 13 16 19 22 25 
1 5 7 10 13 16 19 22 25 
1 4 7 10 13 16 19 22 25 
1 4 7 10 13 16 19 22 25 
1 4 7 10 13 16 19 22 25 
1 4 7 10 13 16 19 22 25 
2 4 7 10 13 16 19 23 25 
1 4 7 10 13 16 19 22 25 
1 5 7 10 13 16 19 22 25 
1 4 7 10 13 16 19 22 25 
3 4 7 10 13 16 19 22 25 
3 6 7 10 13 16 19 23 25 
1 4 7 10 13 16 19 22 25 
3 4 7 10 13 16 19 22 25 
3 4 7 10 13 16 19 23 25 
1 4 7 10 13 16 19 22 25 
1 5 7 10 13 16 19 22 25 
1 4 7 10 13 16 19 22 25 
3 4 7 10 13 16 19 22 25 
3 4 7 10 13 16 19 22 25 
3 4 7 10 13 16 19 23 25 
1 4 7 10 13 16 19 22 25 
1 5 7 10 13 16 19 22 25 
1 4 7 10 13 16 19 22 25 
3 4 7 10 13 16 19 22 25 
1 4 7 10 13 16 19 22 25 
2 4 7 10 13 16 19 23 25 
1 4 7 10 13 16 19 22 25 
1 5 7 10 13 16 19 22 25 
1 4 7 10 13 16 19 22 25 
3 4 7 10 13 16 19 22 25 
2 4 7 10 13 16 19 22 25 
2 4 7 10 13 16 19 22 25 
3 4 7 10 13 16 19 23 25 
1 4 7 10 13 16 19 22 25 
3 5 7 10 13 16 19 22 25 
1 4 7 10 13 16 19 22 25 
3 5 7 10 13 16 19 24 25 
3 4 7 10 13 16 19 22 25 
3 4 7 10 13 16 19 23 25 
3 4 7 10 13 16 19 22 25 
3 5 7 10 13 16 19 22 25 
3 4 7 10 13 16 19 22 25 
3 6 7 10 13 16 19 23 25 
3 4 7 10 13 16 19 22 25 
3 4 7 10 13 16 19 23 25 
2 4 7 10 13 16 19 22 25 
3 5 7 10 13 16 19 22 25 
3 4 7 10 13 16 19 22 25 
2 4 7 10 13 16 19 23 25 
3 4 7 10 13 16 19 23 26 
3 4 7 10 13 16 19 23 25 
1 5 7 10 13 16 19 23 25 
2 4 7 10 13 16 19 23 25 
3 4 7 10 13 16 19 23 25 
1 4 7 10 13 16 19 23 26 
3 4 7 10 13 16 19 23 25 
1 5 7 10 13 16 19 23 25 
1 4 7 10 13 16 19 23 25 
3 4 7 10 13 16 19 23 25 
3 4 7 10 13 16 19 23 27 
2 4 7 10 13 16 19 23 27 
3 4 7 10 13 16 19 23 27 
1 4 7 10 13 16 19 23 27 
1 4 7 10 13 16 19 23 27 
3 5 7 10 13 16 19 23 27 
1 4 7 10 13 16 19 23 27 
3 6 7 10 13 16 19 23 26 
1 6 7 10 13 16 19 23 25 
1 6 8 10 13 16 19 23 25 
1 6 7 10 13 16 19 23 25 
3 4 7 10 13 16 19 23 26 
3 4 7 10 13 16 19 23 25 
2 5 7 10 13 16 19 23 25 
3 4 7 10 13 16 19 23 25 
1 4 7 10 13 16 19 22 25 
1 4 7 10 13 16 19 22 25 
1 5 7 10 13 16 19 22 25 
1 4 7 10 13 16 19 22 25 
1 4 7 10 13 16 19 22 25 
1 4 7 10 13 16 19 22 25 
1 5 7 10 13 16 19 22 25 
1 4 7 10 13 16 19 22 25 
1 4 7 10 13 16 19 22 25 
1 4 7 10 13 16 19 22 25 
1 4 7 10 13 16 19 22 25 
3 4 7 10 13 16 19 23 25 
1 4 7 10 13 16 19 22 25 
1 5 7 10 13 16 19 22 25 
1 4 7 10 13 16 19 22 25 
1 4 7 10 13 16 19 22 25 
3 5 7 10 13 16 19 22 25 
1 4 7 10 13 16 19 22 25 
1 5 7 10 13 16 19 22 25 
1 5 8 10 13 16 19 22 25 
1 5 7 10 13 16 19 22 25 
1 5 7 10 13 16 19 22 25 
1 5 8 10 13 16 19 22 25 
1 5 7 10 13 16 19 22 25 
1 5 9 10 13 16 19 22 25 
1 5 9 10 13 16 19 22 25 
3 5 9 10 13 16 19 22 25 
3 5 9 10 13 16 19 23 25 
2 5 9 10 13 16 19 22 25 
1 5 9 11 13 16 19 22 25 
1 5 9 10 13 16 19 22 25 
1 5 8 10 13 16 19 22 25 
1 5 7 10 13 16 19 22 25 
1 4 7 10 13 16 19 22 25 
1 4 7 10 13 16 19 22 25 
1 4 7 10 13 16 19 22 25 
1 4 7 10 13 16 19 22 25 
1 4 7 10 13 16 19 22 25 
1 4 7 10 13 16 19 22 25 
1 4 7 10 13 16 19 22 25 
3 4 7 10 13 16 19 23 25 
1 4 7 10 13 16 19 22 25 
1 5 7 10 13 16 19 22 25 
1 4 7 10 13 16 19 22 25 
1 4 7 10 13 16 19 22 25 
1 4 7 10 13 16 19 22 25 
3 4 7 10 13 16 19 22 25 
3 4 7 10 13 16 19 23 25 
1 4 7 10 13 16 19 22 25 
1 5 7 10 13 16 19 22 25 
1 4 7 10 13 16 19 22 25 
1 4 7 10 13 16 19 22 25 
1 4 7 10 13 16 19 22 25 
3 4 7 10 13 16 19 22 25 
3 4 7 10 13 16 19 23 25 
1 4 7 10 13 16 19 22 25 
1 5 7 10 13 16 19 22 25 
1 4 7 10 13 16 19 22 25 
3 4 7 10 13 16 19 22 25 
3 6 7 10 13 16 19 23 25 
1 4 7 10 13 16 19 22 25 
3 4 7 10 13 16 19 22 25 
3 4 7 10 13 16 19 23 25 
1 4 7 10 13 16 19 22 25 
1 5 7 10 13 16 19 22 25 
1 4 7 10 13 16 19 22 25 
3 4 7 10 13 16 19 22 25 
3 4 7 10 13 16 19 22 25 
1 4 7 10 13 16 19 22 25 
2 4 7 10 13 16 19 23 25 
1 4 7 10 13 16 19 22 25 
3 5 7 10 13 16 19 22 25 
1 4 7 10 13 16 19 22 25 
3 5 7 10 13 16 19 24 25 
3 4 7 10 13 16 19 22 25 
3 4 7 10 13 16 19 23 25 
3 4 7 10 13 16 19 22 25 
3 5 7 10 13 16 19 22 25 
1 4 7 10 13 16 19 22 25 
3 6 7 10 13 16 19 23 25 
3 4 7 10 13 16 19 22 25 
3 4 7 10 13 16 19 23 25 
3 4 7 10 13 16 19 22 25 
3 5 7 10 13 16 19 22 25 
3 4 7 10 13 16 19 22 25 
3 4 7 10 13 16 19 23 25 
3 4 7 10 13 16 19 23 25 
3 4 7 10 13 16 19 23 27 
2 4 7 10 13 16 19 23 27 
1 4 7 10 13 16 19 23 27 
3 4 7 10 13 16 19 23 27 
2 5 7 10 13 16 19 23 27 
1 4 7 10 13 16 19 23 27 
3 6 7 10 13 16 19 23 26 
3 6 7 10 13 16 19 23 25 
3 6 8 10 13 16 19 23 25 
1 6 7 10 13 16 19 23 25 
3 4 7 10 13 16 19 23 26 
3 4 7 10 13 16 19 23 25 
2 5 7 10 13 16 19 23 25 
3 4 7 10 13 16 19 23 25 
1 4 7 10 13 16 19 22 25 
1 4 7 10 13 16 19 22 25 
3 4 7 10 13 16 19 22 25 
3 4 7 10 13 16 19 23 25 
1 4 7 10 13 16 19 22 25 
1 5 7 10 13 16 19 22 25 
1 4 7 10 13 16 19 22 25 
1 4 7 10 13 16 19 22 25 
3 5 7 10 13 16 19 22 25 
1 4 7 10 13 16 19 22 25 
1 5 7 10 13 16 19 22 25 
1 5 9 10 13 16 19 22 25 
3 5 9 10 13 16 19 22 25 
3 5 9 10 13 16 19 23 25 
3 5 9 10 13 16 19 22 25 
1 5 9 11 13 16 19 22 25 
1 5 9 10 13 16 19 22 25 
1 5 8 10 13 16 19 22 25 
1 5 7 10 13 16 19 22 25 
1 4 7 10 13 16 19 22 25 
1 4 7 10 13 16 19 22 25 
2 4 7 10 13 16 19 22 25 
2 4 7 10 13 16 19 23 25 
1 4 7 10 13 16 19 22 25 
1 5 7 10 13 16 19 22 25 
1 4 7 10 13 16 19 22 25 
3 4 7 10 13 16 19 23 27 
3 6 7 10 13 16 19 23 25 
3 5 7 10 13 16 19 24 25 
3 5 7 10 13 16 19 24 27 
3 5 7 10 13 16 19 24 25 
3 5 7 10 13 16 19 24 25 
3 5 9 10 13 16 19 24 25 
3 4 7 10 13 16 19 22 25 
3 4 7 10 13 16 19 22 25 
3 4 7 10 13 16 19 22 25 
3 4 7 10 13 16 19 22 25 
3 4 7 10 13 16 19 22 25 
3 4 7 10 13 16 19 23 25 
3 4 7 10 13 16 19 22 25 
3 5 7 10 13 16 19 22 25 
3 4 7 10 13 16 19 22 25 
3 4 7 10 13 16 19 22 25 
3 4 7 10 13 16 19 23 25 
3 4 7 10 13 16 19 22 25 
3 5 7 10 13 16 19 22 25 
3 4 7 10 13 16 19 22 25 
3 6 7 10 13 16 19 23 25 
3 4 7 10 13 16 19 22 25 
3 4 7 10 13 16 19 23 25 
3 4 7 10 13 16 19 22 25 
3 5 7 10 13 16 19 22 25 
3 4 7 10 13 16 19 22 25 
3 4 7 10 13 16 19 23 27 
3 4 7 10 13 16 19 22 25 
3 5 9 10 13 16 19 22 25 
3 4 7 10 13 16 19 22 25 
3 6 7 10 13 16 19 23 25 
3 6 9 10 13 16 19 23 25 
3 6 7 10 13 16 19 23 25 
3 6 7 10 13 16 19 23 25 
3 6 9 10 13 16 19 23 25 
3 6 7 10 13 16 19 23 25 
3 6 7 10 13 16 19 23 27 
3 6 7 10 13 16 19 23 27 
1 6 7 10 13 16 19 23 27 
1 6 7 10 13 16 19 23 27 
1 6 8 10 13 16 19 23 27 
1 6 7 10 13 16 19 23 27 
3 6 9 10 13 16 19 23 26 
3 6 9 10 13 16 19 23 25 
3 6 9 11 13 16 19 23 25 
3 6 9 10 13 16 19 23 25 
3 6 7 10 13 16 19 23 26 
3 6 7 10 13 16 19 23 25 
3 6 8 10 13 16 19 23 25 
3 6 7 10 13 16 19 23 25 
3 6 7 10 13 16 19 23 25 
3 6 8 12 13 16 19 23 25 
3 6 7 10 13 16 19 23 25 
1 4 7 10 13 16 19 22 25 
1 4 7 10 13 16 19 22 25 
3 4 7 10 13 16 19 22 25 
3 4 7 10 13 16 19 23 25 
1 4 7 10 13 16 19 22 25 
1 5 7 10 13 16 19 22 25 
1 4 7 10 13 16 19 22 25 
1 4 7 10 13 16 19 22 25 
3 4 7 10 13 16 19 22 25 
3 4 7 10 13 16 19 23 25 
1 4 7 10 13 16 19 22 25 
1 5 7 10 13 16 19 22 25 
1 4 7 10 13 16 19 22 25 
1 4 7 10 13 16 19 22 25 
3 4 7 10 13 16 19 22 25 
3 4 7 10 13 16 19 23 25 
1 4 7 10 13 16 19 22 25 
1 5 7 10 13 16 19 22 25 
1 4 7 10 13 16 19 22 25 
3 4 7 10 13 16 19 22 25 
3 4 7 10 13 16 19 22 25 
3 4 7 10 13 16 19 23 25 
3 4 7 10 13 16 19 22 25 
3 5 7 10 13 16 19 22 25 
3 4 7 10 13 16 19 22 25 
3 4 7 10 13 16 19 22 25 
3 4 7 10 13 16 19 23 25 
3 4 7 10 13 16 19 22 25 
3 5 7 10 13 16 19 22 25 
3 4 7 10 13 16 19 22 25 
3 4 7 10 13 16 19 23 27 
3 4 7 10 13 16 19 23 27 
3 4 7 10 13 16 19 23 27 
3 4 7 10 13 16 19 23 27 
3 5 7 10 13 16 19 23 27 
3 4 7 10 13 16 19 23 27 
3 4 7 10 13 16 19 23 26 
3 4 7 10 13 16 19 23 25 
3 5 7 10 13 16 19 23 25 
3 4 7 10 13 16 19 23 25 
1 4 7 10 13 16 19 22 25 
2 4 7 10 13 16 19 22 25 
3 4 7 10 13 16 19 23 25 
1 4 7 10 13 16 19 22 25 
3 5 7 10 13 16 19 22 25 
1 4 7 10 13 16 19 22 25 
1 4 7 10 13 16 19 22 25 
3 5 7 10 13 16 19 22 25 
1 4 7 10 13 16 19 22 25 
1 5 9 10 13 16 19 22 25 
3 5 9 10 13 16 19 22 25 
3 5 9 10 13 16 19 23 25 
3 5 9 10 13 16 19 22 25 
1 5 9 11 13 16 19 22 25 
1 5 9 10 13 16 19 22 25 
1 5 8 10 13 16 19 22 25 
1 5 7 10 13 16 19 22 25 
1 4 7 10 13 16 19 22 25 
1 4 7 10 13 16 19 22 25 
1 4 7 10 13 16 19 22 25 
3 4 7 10 13 16 19 22 25 
3 4 7 10 13 16 19 23 25 
1 4 7 10 13 16 19 22 25 
1 5 7 10 13 16 19 22 25 
1 4 7 10 13 16 19 22 25 
1 4 7 10 13 16 19 22 25 
1 4 7 10 13 16 19 22 25 
1 4 7 10 13 16 19 22 25 
1 4 7 10 13 16 19 22 25 
1 4 7 10 13 16 19 23 25 
1 4 7 10 13 16 19 22 25 
1 5 7 10 13 16 19 22 25 
1 4 7 10 13 16 19 22 25 
1 4 7 10 13 16 19 22 25 
1 4 7 10 13 16 19 22 25 
1 4 7 10 13 16 19 22 25 
3 4 7 10 13 16 19 23 25 
1 4 7 10 13 16 19 22 25 
1 5 7 10 13 16 19 22 25 
1 4 7 10 13 16 19 22 25 
1 4 7 10 13 16 19 22 25 
1 4 7 10 13 16 19 22 25 
1 4 7 10 13 16 19 22 25 
1 4 7 10 13 16 19 22 25 
2 4 7 10 13 16 19 23 25 
1 4 7 10 13 16 19 22 25 
1 5 7 10 13 16 19 22 25 
1 4 7 10 13 16 19 22 25 
3 4 7 10 13 16 19 22 25 
3 6 7 10 13 16 19 23 25 
1 4 7 10 13 16 19 22 25 
3 4 7 10 13 16 19 22 25 
3 4 7 10 13 16 19 23 25 
1 4 7 10 13 16 19 22 25 
1 5 7 10 13 16 19 22 25 
1 4 7 10 13 16 19 22 25 
1 4 7 10 13 16 19 22 25 
1 4 7 10 13 16 19 22 25 
1 4 7 10 13 16 19 23 25 
1 4 7 10 13 16 19 22 25 
2 5 7 10 13 16 19 22 25 
1 4 7 10 13 16 19 22 25 
2 4 7 10 13 16 19 22 25 
1 4 7 10 13 16 19 22 25 
1 4 7 10 13 16 19 22 25 
1 4 7 10 13 16 19 23 25 
1 4 7 10 13 16 19 22 25 
1 5 7 10 13 16 19 22 25 
1 4 7 10 13 16 19 22 25 
1 5 7 10 13 16 19 24 25 
3 4 7 10 13 16 19 23 25 
3 5 7 10 13 16 19 22 25 
1 4 7 10 13 16 19 22 25 
1 6 7 10 13 16 19 23 25 
3 4 7 10 13 16 19 22 25 
1 4 7 10 13 16 19 23 25 
1 4 7 10 13 16 19 22 25 
3 5 7 10 13 16 19 22 25 
1 4 7 10 13 16 19 22 25 
1 4 7 10 13 16 19 23 25 
3 4 7 10 13 16 19 23 26 
1 4 7 10 13 16 19 23 25 
1 5 7 10 13 16 19 23 25 
1 4 7 10 13 16 19 23 25 
3 4 7 10 13 16 19 23 25 
2 4 7 10 13 16 19 23 27 
1 4 7 10 13 16 19 23 27 
1 4 7 10 13 16 19 23 27 
1 4 7 10 13 16 19 23 27 
1 4 7 10 13 16 19 23 27 
1 5 7 10 13 16 19 23 27 
1 4 7 10 13 16 19 23 27 
2 6 7 10 13 16 19 23 25 
1 6 7 10 13 16 19 23 25 
3 4 7 10 13 16 19 23 26 
3 4 7 10 13 16 19 23 25 
3 5 7 10 13 16 19 23 25 
1 4 7 10 13 16 19 23 25 
1 4 7 10 13 16 19 22 25 
1 4 7 10 13 16 19 22 25 
1 5 7 10 13 16 19 22 25 
1 4 7 10 13 16 19 22 25 
1 4 7 10 13 16 19 22 25 
1 4 7 10 13 16 19 22 25 
1 4 7 10 13 16 19 22 25 
1 4 7 10 13 16 19 23 25 
1 4 7 10 13 16 19 22 25 
1 5 7 10 13 16 19 22 25 
1 4 7 10 13 16 19 22 25 
1 4 7 10 13 16 19 22 25 
2 5 7 10 13 16 19 22 25 
1 4 7 10 13 16 19 22 25 
1 5 7 10 13 16 19 22 25 
1 5 8 10 13 16 19 22 25 
1 5 7 10 13 16 19 22 25 
1 5 9 10 13 16 19 22 25 
1 5 9 10 13 16 19 22 25 
3 5 9 10 13 16 19 22 25 
1 5 9 10 13 16 19 23 25 
1 5 9 10 13 16 19 22 25 
1 5 9 11 13 16 19 22 25 
1 5 9 10 13 16 19 22 25 
1 5 8 10 13 16 19 22 25 
1 5 7 10 13 16 19 22 25 
1 4 7 10 13 16 19 22 25 
1 4 7 10 13 16 19 22 25 
1 4 7 10 13 16 19 22 25 
1 4 7 10 13 16 19 22 25 
1 4 7 10 13 16 19 22 25 
1 4 7 10 13 16 19 23 25 
1 4 7 10 13 16 19 22 25 
1 5 7 10 13 16 19 22 25 
1 4 7 10 13 16 19 22 25 
1 4 7 10 13 16 19 23 25 
3 4 7 10 13 16 19 23 27 
3 6 7 10 13 16 19 23 25 
3 4 7 10 13 16 19 23 25 
3 4 7 10 13 16 19 23 25 
2 5 7 10 13 16 19 24 25 
1 5 7 10 13 16 19 24 27 
3 5 7 10 13 16 19 24 25 
3 5 7 10 13 16 19 24 25 
3 5 9 10 13 16 19 24 25 
3 4 7 10 13 16 19 22 25 
3 4 7 10 13 16 19 22 25 
3 4 7 10 13 16 19 22 25 
3 4 7 10 13 16 19 22 25 
3 4 7 10 13 16 19 22 25 
1 4 7 10 13 16 19 23 25 
1 4 7 10 13 16 19 22 25 
2 5 7 10 13 16 19 22 25 
1 4 7 10 13 16 19 22 25 
3 4 7 10 13 16 19 22 25 
3 4 7 10 13 16 19 23 25 
3 4 7 10 13 16 19 22 25 
1 5 7 10 13 16 19 22 25 
1 4 7 10 13 16 19 22 25 
3 6 7 10 13 16 19 23 25 
3 4 7 10 13 16 19 23 25 
3 5 7 10 13 16 19 22 25 
3 4 7 10 13 16 19 22 25 
3 4 7 10 13 16 19 23 27 
3 5 9 10 13 16 19 22 25 
3 4 7 10 13 16 19 22 25 
3 6 9 10 13 16 19 23 25 
3 6 7 10 13 16 19 23 25 
1 6 7 10 13 16 19 23 25 
3 6 9 10 13 16 19 23 25 
3 6 7 10 13 16 19 23 25 
3 6 7 10 13 16 19 23 27 
1 6 7 10 13 16 19 23 27 
3 6 7 10 13 16 19 23 27 
2 6 7 10 13 16 19 23 27 
1 6 8 10 13 16 19 23 27 
1 6 7 10 13 16 19 23 27 
3 6 9 10 13 16 19 23 26 
3 6 9 10 13 16 19 23 25 
3 6 9 11 13 16 19 23 25 
3 6 9 10 13 16 19 23 25 
3 6 7 10 13 16 19 23 25 
3 6 7 10 13 16 19 23 25 
3 6 7 10 13 16 19 23 25 
3 6 7 10 13 16 19 23 25 
1 4 7 10 13 16 19 22 25 
1 4 7 10 13 16 19 22 25 
3 4 7 10 13 16 19 22 25 
3 4 7 10 13 16 19 23 25 
1 4 7 10 13 16 19 22 25 
1 5 7 10 13 16 19 22 25 
1 4 7 10 13 16 19 22 25 
3 4 7 10 13 16 19 22 25 
3 4 7 10 13 16 19 23 25 
1 4 7 10 13 16 19 22 25 
1 5 7 10 13 16 19 22 25 
1 4 7 10 13 16 19 22 25 
3 4 7 10 13 16 19 22 25 
3 4 7 10 13 16 19 22 25 
1 4 7 10 13 16 19 23 25 
1 4 7 10 13 16 19 22 25 
3 5 7 10 13 16 19 22 25 
1 4 7 10 13 16 19 22 25 
3 4 7 10 13 16 19 22 25 
3 4 7 10 13 16 19 23 25 
3 4 7 10 13 16 19 22 25 
3 5 7 10 13 16 19 22 25 
3 4 7 10 13 16 19 22 25 
3 4 7 10 13 16 19 23 27 
3 4 7 10 13 16 19 23 27 
3 4 7 10 13 16 19 23 27 
3 4 7 10 13 16 19 23 27 
2 5 7 10 13 16 19 23 27 
1 4 7 10 13 16 19 23 27 
3 4 7 10 13 16 19 23 26 
3 4 7 10 13 16 19 23 25 
3 5 7 10 13 16 19 23 25 
3 4 7 10 13 16 19 23 25 
1 4 7 10 13 16 19 22 25 
1 4 7 10 13 16 19 22 25 
3 4 7 10 13 16 19 23 25 
1 4 7 10 13 16 19 22 25 
1 5 7 10 13 16 19 22 25 
1 4 7 10 13 16 19 22 25 
1 4 7 10 13 16 19 22 25 
3 5 7 10 13 16 19 22 25 
1 4 7 10 13 16 19 22 25 
1 5 9 10 13 16 19 22 25 
3 5 9 10 13 16 19 22 25 
3 5 9 10 13 16 19 23 25 
3 5 9 10 13 16 19 22 25 
1 5 9 11 13 16 19 22 25 
1 5 9 10 13 16 19 22 25 
1 5 8 10 13 16 19 22 25 
1 5 7 10 13 16 19 22 25 
1 4 7 10 13 16 19 22 25 
1 4 7 10 13 16 19 22 25 
1 4 7 10 13 16 19 22 25 
3 4 7 10 13 16 19 22 25 
3 4 7 10 13 16 19 23 25 
1 4 7 10 13 16 19 22 25 
1 5 7 10 13 16 19 22 25 
1 4 7 10 13 16 19 22 25 
3 4 7 10 13 16 19 22 25 
3 4 7 10 13 16 19 22 25 
3 4 7 10 13 16 19 22 25 
3 4 7 10 13 16 19 23 25 
3 4 7 10 13 16 19 22 25 
3 5 7 10 13 16 19 22 25 
3 4 7 10 13 16 19 22 25 
3 4 7 10 13 16 19 22 25 
3 4 7 10 13 16 19 22 25 
3 4 7 10 13 16 19 23 25 
3 4 7 10 13 16 19 22 25 
1 5 7 10 13 16 19 22 25 
1 4 7 10 13 16 19 22 25 
3 5 7 10 13 16 19 24 25 
3 4 7 10 13 16 19 22 25 
3 4 7 10 13 16 19 22 25 
3 4 7 10 13 16 19 23 25 
3 4 7 10 13 16 19 22 25 
3 5 7 10 13 16 19 22 25 
3 4 7 10 13 16 19 22 25 
3 6 7 10 13 16 19 23 25 
3 4 7 10 13 16 19 22 25 
3 4 7 10 13 16 19 22 25 
3 4 7 10 13 16 19 23 25 
3 4 7 10 13 16 19 22 25 
3 5 7 10 13 16 19 22 25 
3 4 7 10 13 16 19 22 25 
1 4 7 10 13 16 19 22 25 
3 4 7 10 13 16 19 22 25 
3 4 7 10 13 16 19 22 25 
1 4 7 10 13 16 19 22 25 
1 4 7 10 13 16 19 23 25 
1 4 7 10 13 16 19 22 25 
1 5 7 10 13 16 19 22 25 
1 4 7 10 13 16 19 22 25 
1 5 7 10 13 16 19 24 25 
1 4 7 10 13 16 19 23 25 
1 4 7 10 13 16 19 22 25 
1 5 7 10 13 16 19 22 25 
1 4 7 10 13 16 19 22 25 
1 6 7 10 13 16 19 23 25 
1 4 7 10 13 16 19 23 25 
1 4 7 10 13 16 19 22 25 
1 5 7 10 13 16 19 22 25 
1 4 7 10 13 16 19 22 25 
1 4 7 10 13 16 19 23 25 
1 4 7 10 13 16 19 23 25 
1 4 7 10 13 16 19 23 26 
1 4 7 10 13 16 19 23 25 
1 5 7 10 13 16 19 23 25 
1 4 7 10 13 16 19 23 25 
3 4 7 10 13 16 19 23 27 
1 4 7 10 13 16 19 23 27 
1 4 7 10 13 16 19 23 27 
1 4 7 10 13 16 19 23 27 
1 5 7 10 13 16 19 23 27 
1 4 7 10 13 16 19 23 27 
1 4 7 10 13 16 19 23 26 
1 4 7 10 13 16 19 23 25 
1 5 7 10 13 16 19 23 25 
1 4 7 10 13 16 19 23 25 
2 6 7 10 13 16 19 23 26 
1 6 7 10 13 16 19 23 25 
1 6 8 10 13 16 19 23 25 
1 6 7 10 13 16 19 23 25 
1 4 7 10 13 16 19 23 26 
1 4 7 10 13 16 19 23 25 
1 5 7 10 13 16 19 23 25 
1 4 7 10 13 16 19 23 25 
1 4 7 10 13 16 19 22 25 
1 4 7 10 13 16 19 22 25 
1 4 7 10 13 16 19 22 25 
1 5 7 10 13 16 19 22 25 
1 4 7 10 13 16 19 22 25 
1 5 7 10 13 16 19 24 25 
1 4 7 10 13 16 19 22 25 
1 4 7 10 13 16 19 22 25 
1 4 7 10 13 16 19 23 25 
1 4 7 10 13 16 19 22 25 
1 5 7 10 13 16 19 22 25 
1 4 7 10 13 16 19 22 25 
1 4 7 10 13 16 19 22 25 
1 5 7 10 13 16 19 22 25 
1 4 7 10 13 16 19 22 25 
1 5 7 10 13 16 19 22 25 
1 5 7 10 13 16 19 22 25 
1 5 8 10 13 16 19 22 25 
1 5 7 10 13 16 19 22 25 
1 5 7 10 13 16 19 24 26 
1 5 8 10 13 16 19 24 25 
1 5 7 10 13 16 19 24 25 
1 5 7 10 13 16 19 22 25 
1 5 8 10 13 16 19 22 25 
1 5 7 10 13 16 19 22 25 
3 5 9 10 13 16 19 22 25 
1 5 9 10 13 16 19 22 25 
1 5 9 10 13 16 19 23 25 
1 5 9 10 13 16 19 22 25 
1 5 9 11 13 16 19 22 25 
1 5 9 10 13 16 19 22 25 
1 5 8 10 13 16 19 22 25 
1 5 7 10 13 16 19 22 25 
1 4 7 10 13 16 19 22 25 
1 4 7 10 13 16 19 22 25 
1 4 7 10 13 16 19 22 25 
2 4 7 10 13 16 19 22 25 
1 4 7 10 13 16 19 22 25 
3 4 7 10 13 16 19 22 25 
1 4 7 10 13 16 19 22 25 
1 4 7 10 13 16 19 23 25 
1 4 7 10 13 16 19 22 25 
1 5 7 10 13 16 19 22 25 
1 4 7 10 13 16 19 22 25 
3 4 7 10 13 16 19 22 25 
3 4 7 10 13 16 19 22 25 
3 4 7 10 13 16 19 23 25 
1 4 7 10 13 16 19 22 25 
3 5 7 10 13 16 19 22 25 
1 4 7 10 13 16 19 22 25 
1 4 7 10 13 16 19 22 25 
1 4 7 10 13 16 19 22 25 
1 4 7 10 13 16 19 23 25 
1 4 7 10 13 16 19 22 25 
1 5 7 10 13 16 19 22 25 
1 4 7 10 13 16 19 22 25 
2 4 7 10 13 16 19 22 25 
2 4 7 10 13 16 19 22 25 
2 4 7 10 13 16 19 22 25 
1 4 7 10 13 16 19 22 25 
3 4 7 10 13 16 19 23 25 
1 4 7 10 13 16 19 22 25 
2 5 7 10 13 16 19 22 25 
1 4 7 10 13 16 19 22 25 
3 5 7 10 13 16 19 24 25 
3 4 7 10 13 16 19 22 25 
3 4 7 10 13 16 19 23 25 
3 4 7 10 13 16 19 22 25 
3 5 7 10 13 16 19 22 25 
2 4 7 10 13 16 19 22 25 
3 6 7 10 13 16 19 23 25 
3 4 7 10 13 16 19 22 25 
3 4 7 10 13 16 19 23 25 
2 4 7 10 13 16 19 22 25 
3 5 7 10 13 16 19 22 25 
3 4 7 10 13 16 19 22 25 
1 4 7 10 13 16 19 23 25 
2 4 7 10 13 16 19 23 26 
1 4 7 10 13 16 19 23 25 
1 5 7 10 13 16 19 23 25 
1 4 7 10 13 16 19 23 25 
3 4 7 10 13 16 19 23 27 
1 4 7 10 13 16 19 23 27 
3 4 7 10 13 16 19 23 27 
2 4 7 10 13 16 19 23 27 
1 4 7 10 13 16 19 23 27 
1 5 7 10 13 16 19 23 27 
1 4 7 10 13 16 19 23 27 
3 4 7 10 13 16 19 23 26 
1 4 7 10 13 16 19 23 25 
1 5 7 10 13 16 19 23 25 
1 4 7 10 13 16 19 23 25 
2 6 7 10 13 16 19 23 26 
1 6 7 10 13 16 19 23 25 
2 6 8 10 13 16 19 23 25 
1 6 7 10 13 16 19 23 25 
3 4 7 10 13 16 19 23 26 
2 4 7 10 13 16 19 23 25 
1 5 7 10 13 16 19 23 25 
1 4 7 10 13 16 19 23 25 
1 4 7 10 13 16 19 22 25 
1 4 7 10 13 16 19 22 25 
1 5 7 10 13 16 19 22 25 
1 4 7 10 13 16 19 22 25 
1 5 7 10 13 16 19 24 25 
3 4 7 10 13 16 19 22 25 
1 4 7 10 13 16 19 22 25 
3 4 7 10 13 16 19 22 25 
1 4 7 10 13 16 19 23 25 
3 4 7 10 13 16 19 22 25 
1 5 7 10 13 16 19 22 25 
1 4 7 10 13 16 19 22 25 
1 4 7 10 13 16 19 22 25 
1 5 7 10 13 16 19 22 25 
1 4 7 10 13 16 19 22 25 
1 5 7 10 13 16 19 22 25 
1 5 8 10 13 16 19 22 25 
1 5 7 10 13 16 19 22 25 
3 5 7 10 13 16 19 24 26 
1 5 8 10 13 16 19 24 25 
1 5 7 10 13 16 19 24 25 
1 5 7 10 13 16 19 22 25 
1 5 8 10 13 16 19 22 25 
1 5 7 10 13 16 19 22 25 
3 5 9 10 13 16 19 22 25 
1 5 9 10 13 16 19 22 25 
2 5 9 10 13 16 19 22 25 
1 5 9 10 13 16 19 23 25 
1 5 9 10 13 16 19 22 25 
1 5 9 11 13 16 19 22 25 
1 5 9 10 13 16 19 22 25 
1 5 8 10 13 16 19 22 25 
1 5 7 10 13 16 19 22 25 
1 4 7 10 13 16 19 22 25 
1 4 7 10 13 16 19 22 25 
1 4 7 10 13 16 19 22 25 
1 4 7 10 13 16 19 22 25 
3 4 7 10 13 16 19 22 25 
1 4 7 10 13 16 19 22 25 
3 4 7 10 13 16 19 22 25 
1 4 7 10 13 16 19 23 25 
1 4 7 10 13 16 19 22 25 
1 5 7 10 13 16 19 22 25 
1 4 7 10 13 16 19 22 25 
3 5 7 10 13 16 19 24 25 
1 5 7 10 13 16 19 24 27 
3 5 7 10 13 16 19 24 25 
3 5 7 10 13 16 19 24 25 
3 5 7 10 13 16 19 24 26 
3 5 7 10 13 16 19 24 26 
3 5 7 10 13 16 19 24 26 
1 5 7 10 13 16 19 24 27 
2 5 7 10 13 16 19 24 25 
3 5 7 10 13 16 19 24 25 
3 5 7 10 13 16 19 24 27 
1 5 8 10 13 16 19 24 27 
1 5 7 10 13 16 19 24 27 
3 5 7 10 13 16 19 24 25 
3 5 8 10 13 16 19 24 25 
3 5 7 10 13 16 19 24 25 
3 5 9 10 13 16 19 24 25 
3 5 9 10 13 16 19 24 26 
3 5 9 10 13 16 19 24 25 
3 5 9 11 13 16 19 24 25 
2 5 9 10 13 16 19 24 25 
3 5 8 10 13 16 19 24 25 
3 5 7 10 13 16 19 24 25 
3 5 7 10 13 16 19 24 25 
3 4 7 10 13 16 19 22 25 
3 4 7 10 13 16 19 22 25 
3 4 7 10 13 16 19 23 25 
1 5 7 10 13 16 19 22 25 
1 4 7 10 13 16 19 22 25 
3 4 7 10 13 16 19 23 25 
3 4 7 10 13 16 19 22 25 
1 5 7 10 13 16 19 22 25 
1 4 7 10 13 16 19 22 25 
3 6 7 10 13 16 19 23 25 
3 4 7 10 13 16 19 23 25 
3 5 7 10 13 16 19 22 25 
3 4 7 10 13 16 19 23 27 
3 4 7 10 13 16 19 23 27 
3 4 7 10 13 16 19 23 27 
1 5 7 10 13 16 19 23 27 
1 4 7 10 13 16 19 23 27 
3 4 7 10 13 16 19 23 26 
3 4 7 10 13 16 19 23 25 
1 5 7 10 13 16 19 23 25 
1 4 7 10 13 16 19 23 25 
3 6 7 10 13 16 19 23 26 
3 6 7 10 13 16 19 23 25 
3 6 8 10 13 16 19 23 25 
3 6 7 10 13 16 19 23 25 
3 4 7 10 13 16 19 23 26 
3 4 7 10 13 16 19 23 25 
3 5 7 10 13 16 19 23 25 
3 4 7 10 13 16 19 23 25 
3 4 7 10 13 16 19 22 25 
1 4 7 10 13 16 19 22 25 
3 4 7 10 13 16 19 23 25 
3 4 7 10 13 16 19 22 25 
3 5 7 10 13 16 19 22 25 
3 4 7 10 13 16 19 22 25 
3 4 7 10 13 16 19 22 25 
3 5 7 10 13 16 19 22 25 
3 5 7 10 13 16 19 22 25 
1 5 8 10 13 16 19 22 25 
1 5 7 10 13 16 19 22 25 
3 5 9 10 13 16 19 22 25 
1 5 9 10 13 16 19 23 25 
3 5 9 10 13 16 19 22 25 
2 5 9 11 13 16 19 22 25 
3 5 9 10 13 16 19 22 25 
3 5 8 10 13 16 19 22 25 
3 5 7 10 13 16 19 22 25 
3 4 7 10 13 16 19 22 25 
1 4 7 10 13 16 19 22 25 
3 4 7 10 13 16 19 22 25 
3 4 7 10 13 16 19 23 25 
3 4 7 10 13 16 19 22 25 
1 5 7 10 13 16 19 22 25 
2 4 7 10 13 16 19 22 25 
3 6 7 10 13 16 19 23 25 
3 6 9 10 13 16 19 23 25 
3 6 7 10 13 16 19 23 25 
3 6 7 10 13 16 19 23 27 
3 6 7 10 13 16 19 23 27 
1 6 7 10 13 16 19 23 27 
1 6 8 10 13 16 19 23 27 
1 6 7 10 13 16 19 23 27 
3 6 9 10 13 16 19 23 26 
2 6 9 10 13 16 19 23 25 
3 6 9 11 13 16 19 23 25 
1 6 9 10 13 16 19 23 25 
3 6 7 10 13 16 19 23 26 
3 6 7 10 13 16 19 23 25 
3 6 8 10 13 16 19 23 25 
3 6 7 10 13 16 19 23 25 
1 6 7 10 13 16 19 23 25 
2 6 8 12 13 16 19 23 25 
3 6 7 10 13 16 19 23 25 
3 4 7 10 13 16 19 22 25 
3 4 7 10 13 16 19 22 25 
3 4 7 10 13 16 19 22 25 
3 4 7 10 13 16 19 23 25 
1 4 7 10 13 16 19 22 25 
3 5 7 10 13 16 19 22 25 
3 4 7 10 13 16 19 22 25 
3 4 7 10 13 16 19 23 25 
3 4 7 10 13 16 19 22 25 
3 5 7 10 13 16 19 22 25 
3 4 7 10 13 16 19 22 25 
3 4 7 10 13 16 19 23 27 
3 4 7 10 13 16 19 23 27 
2 4 7 10 13 16 19 23 27 
1 5 7 10 13 16 19 23 27 
1 4 7 10 13 16 19 23 27 
3 4 7 10 13 16 19 23 26 
2 4 7 10 13 16 19 23 25 
3 5 7 10 13 16 19 23 25 
3 4 7 10 13 16 19 23 25 
1 4 7 10 13 16 19 22 25 
2 4 7 10 13 16 19 23 25 
3 4 7 10 13 16 19 22 25 
1 5 7 10 13 16 19 22 25 
1 4 7 10 13 16 19 22 25 
3 4 7 10 13 16 19 22 25 
1 5 7 10 13 16 19 22 25 
2 4 7 10 13 16 19 22 25 
3 5 9 10 13 16 19 22 25 
3 5 9 10 13 16 19 23 25 
3 5 9 10 13 16 19 22 25 
2 5 9 11 13 16 19 22 25 
3 5 9 10 13 16 19 22 25 
3 5 8 10 13 16 19 22 25 
3 5 7 10 13 16 19 22 25 
1 4 7 10 13 16 19 22 25 
1 4 7 10 13 16 19 22 25 
3 4 7 10 13 16 19 22 25 
3 4 7 10 13 16 19 22 25 
3 4 7 10 13 16 19 23 25 
1 4 7 10 13 16 19 22 25 
3 5 7 10 13 16 19 22 25 
3 4 7 10 13 16 19 22 25 
2 4 7 10 13 16 19 23 25 
2 4 7 10 13 16 19 23 25 
1 4 7 10 13 16 19 23 26 
3 4 7 10 13 16 19 23 25 
1 5 7 10 13 16 19 23 25 
2 4 7 10 13 16 19 23 25 
3 4 7 10 13 16 19 23 25 
3 4 7 10 13 16 19 23 27 
3 4 7 10 13 16 19 23 27 
3 4 7 10 13 16 19 23 27 
3 5 7 10 13 16 19 23 27 
3 4 7 10 13 16 19 23 27 
3 6 7 10 13 16 19 23 25 
3 6 7 10 13 16 19 23 26 
3 6 7 10 13 16 19 23 25 
3 6 8 10 13 16 19 23 25 
3 6 7 10 13 16 19 23 25 
3 4 7 10 13 16 19 23 25 
3 4 7 10 13 16 19 23 26 
3 4 7 10 13 16 19 23 25 
3 5 7 10 13 16 19 23 25 
3 4 7 10 13 16 19 23 25 
1 4 7 10 13 16 19 23 26 
1 4 7 10 13 16 19 23 26 
3 4 7 10 13 16 19 23 26 
2 4 7 10 13 16 19 23 26 
1 4 7 10 13 16 19 23 26 
1 4 7 10 13 16 19 23 26 
1 4 7 10 13 16 19 23 26 
1 5 7 10 13 16 19 23 26 
1 4 7 10 13 16 19 23 26 
2 6 7 10 13 16 19 23 26 
1 6 8 10 13 16 19 23 26 
1 6 7 10 13 16 19 23 26 
1 4 7 10 13 16 19 23 26 
1 5 7 10 13 16 19 23 26 
1 4 7 10 13 16 19 23 26 
1 4 7 10 13 16 19 23 25 
3 4 7 10 13 16 19 23 25 
1 5 7 10 13 16 19 23 25 
1 4 7 10 13 16 19 23 25 
1 4 7 10 13 16 19 23 27 
1 4 7 10 13 16 19 23 27 
1 5 7 10 13 16 19 23 27 
1 4 7 10 13 16 19 23 27 
2 4 7 10 13 16 19 23 25 
1 4 7 10 13 16 19 23 26 
1 4 7 10 13 16 19 23 25 
1 5 7 10 13 16 19 23 25 
1 4 7 10 13 16 19 23 25 
3 6 7 10 13 16 19 23 25 
1 6 8 10 13 16 19 23 25 
1 6 7 10 13 16 19 23 25 
1 4 7 10 13 16 19 23 25 
1 5 7 10 13 16 19 23 25 
1 4 7 10 13 16 19 23 25 
1 5 7 10 13 16 19 23 25 
3 5 7 10 13 16 19 23 27 
1 5 8 10 13 16 19 23 27 
1 5 7 10 13 16 19 23 27 
3 5 9 10 13 16 19 23 25 
1 5 9 10 13 16 19 23 26 
1 5 9 10 13 16 19 23 25 
1 5 9 11 13 16 19 23 25 
1 5 9 10 13 16 19 23 25 
1 5 8 10 13 16 19 23 25 
1 5 7 10 13 16 19 23 25 
1 4 7 10 13 16 19 23 25 
1 4 7 10 13 16 19 23 27 
1 4 7 10 13 16 19 23 27 
1 6 8 10 13 16 19 23 25 
1 6 7 10 13 16 19 23 25 
3 4 7 10 13 16 19 23 25 
2 4 7 10 13 16 19 23 26 
1 4 7 10 13 16 19 23 25 
1 5 7 10 13 16 19 23 25 
1 4 7 10 13 16 19 23 25 
3 6 7 10 13 16 19 23 26 
3 4 7 10 13 16 19 23 26 
3 4 7 10 13 16 19 23 27 
3 4 7 10 13 16 19 23 27 
1 5 7 10 13 16 19 23 27 
1 4 7 10 13 16 19 23 27 
3 6 8 10 13 16 19 23 25 
3 6 7 10 13 16 19 23 25 
3 5 9 10 13 16 19 23 25 
3 4 7 10 13 16 19 23 27 
3 4 7 10 13 16 19 23 27 
3 4 7 10 13 16 19 23 27 
3 4 7 10 13 16 19 23 27 
3 5 7 10 13 16 19 23 27 
1 4 7 10 13 16 19 23 27 
2 4 7 10 13 16 19 23 27 
1 4 7 10 13 16 19 23 27 
2 4 7 10 13 16 19 23 27 
2 4 7 10 13 16 19 23 27 
1 5 7 10 13 16 19 23 27 
1 4 7 10 13 16 19 23 27 
3 4 7 10 13 16 19 23 27 
1 4 7 10 13 16 19 23 27 
1 4 7 10 13 16 19 23 27 
1 5 7 10 13 16 19 23 27 
1 4 7 10 13 16 19 23 27 
1 4 7 10 13 16 19 23 27 
3 4 7 10 13 16 19 23 27 
1 4 7 10 13 16 19 23 27 
2 4 7 10 13 16 19 23 27 
2 4 7 10 13 16 19 23 27 
2 4 7 10 13 16 19 23 27 
1 5 7 10 13 16 19 23 27 
1 4 7 10 13 16 19 23 27 
3 6 7 10 13 16 19 23 27 
3 6 7 10 13 16 19 23 27 
2 6 8 10 13 16 19 23 27 
3 6 7 10 13 16 19 23 27 
3 4 7 10 13 16 19 23 27 
3 4 7 10 13 16 19 23 27 
3 5 7 10 13 16 19 23 27 
3 4 7 10 13 16 19 23 27 
1 4 7 10 13 16 19 23 27 
3 4 7 10 13 16 19 23 27 
1 5 7 10 13 16 19 23 27 
1 4 7 10 13 16 19 23 27 
3 4 7 10 13 16 19 23 27 
1 4 7 10 13 16 19 23 27 
1 4 7 10 13 16 19 23 27 
2 4 7 10 13 16 19 23 27 
1 4 7 10 13 16 19 23 27 
1 5 7 10 13 16 19 23 27 
1 4 7 10 13 16 19 23 27 
3 6 7 10 13 16 19 23 27 
1 6 8 10 13 16 19 23 27 
2 6 7 10 13 16 19 23 27 
3 4 7 10 13 16 19 23 27 
3 5 7 10 13 16 19 23 27 
3 4 7 10 13 16 19 23 27 
1 5 7 10 13 16 19 23 27 
1 5 8 10 13 16 19 23 27 
1 5 7 10 13 16 19 23 27 
3 5 9 10 13 16 19 23 27 
1 5 9 10 13 16 19 23 27 
1 5 9 10 13 16 19 23 27 
3 5 9 10 13 16 19 23 27 
1 5 9 10 13 16 19 23 27 
1 5 9 11 13 16 19 23 27 
1 5 9 10 13 16 19 23 27 
1 5 8 10 13 16 19 23 27 
1 5 7 10 13 16 19 23 27 
1 4 7 10 13 16 19 23 27 
1 4 7 10 13 16 19 23 27 
1 6 8 10 13 16 19 23 27 
1 6 7 10 13 16 19 23 27 
3 4 7 10 13 16 19 23 27 
1 4 7 10 13 16 19 23 27 
1 4 7 10 13 16 19 23 27 
3 4 7 10 13 16 19 23 27 
1 4 7 10 13 16 19 23 27 
1 5 7 10 13 16 19 23 27 
1 4 7 10 13 16 19 23 27 
3 4 7 10 13 16 19 23 26 
3 6 7 10 13 16 19 23 26 
3 6 7 10 13 16 19 23 26 
3 6 7 10 13 16 19 23 26 
3 6 7 10 13 16 19 23 26 
2 6 7 10 13 16 19 23 26 
3 6 9 10 13 16 19 23 26 
3 6 9 11 13 16 19 23 26 
1 6 9 10 13 16 19 23 26 
3 6 7 10 13 16 19 23 26 
3 6 7 10 13 16 19 23 26 
3 6 7 10 13 16 19 23 26 
3 6 7 10 13 16 19 23 25 
1 6 8 10 13 16 19 23 25 
1 6 7 10 13 16 19 23 25 
3 6 9 10 13 16 19 23 25 
3 6 9 11 13 16 19 23 25 
2 6 9 10 13 16 19 23 25 
3 6 7 10 13 16 19 23 25 
3 6 8 10 13 16 19 23 25 
3 6 7 10 13 16 19 23 25 
1 6 8 11 13 16 19 23 25 
2 6 8 11 13 16 19 23 27 
3 6 8 12 13 16 19 23 25 
2 6 8 12 14 16 19 23 25 
1 6 8 12 13 16 19 23 25 
3 6 8 11 13 16 19 23 25 
2 6 8 10 13 16 19 23 25 
2 6 9 11 13 16 19 23 25 
1 6 9 10 13 16 19 23 25 
3 6 7 10 13 16 19 23 26 
3 6 7 10 13 16 19 23 25 
2 6 8 10 13 16 19 23 25 
2 6 7 10 13 16 19 23 25 
3 4 7 10 13 16 19 23 26 
3 4 7 10 13 16 19 23 26 
3 4 7 10 13 16 19 23 26 
3 4 7 10 13 16 19 23 26 
3 4 7 10 13 16 19 23 26 
2 5 7 10 13 16 19 23 26 
2 4 7 10 13 16 19 23 26 
3 4 7 10 13 16 19 23 26 
3 5 7 10 13 16 19 23 26 
3 4 7 10 13 16 19 23 26 
3 4 7 10 13 16 19 23 26 
3 4 7 10 13 16 19 23 25 
1 5 7 10 13 16 19 23 25 
3 4 7 10 13 16 19 23 25 
3 4 7 10 13 16 19 23 25 
3 5 7 10 13 16 19 23 25 
3 4 7 10 13 16 19 23 25 
3 5 9 10 13 16 19 23 26 
3 5 9 10 13 16 19 23 25 
2 5 9 11 13 16 19 23 25 
1 5 9 10 13 16 19 23 25 
3 5 8 10 13 16 19 23 25 
3 5 7 10 13 16 19 23 25 
1 4 7 10 13 16 19 23 25 
1 4 7 10 13 16 19 23 27 
1 6 7 10 13 16 19 23 25 
3 4 7 10 13 16 19 23 26 
3 4 7 10 13 16 19 23 25 
3 5 7 10 13 16 19 23 25 
3 4 7 10 13 16 19 23 25 
1 4 7 10 13 16 19 22 25 
1 4 7 10 13 16 19 22 25 
1 4 7 10 13 16 19 22 25 
2 5 7 10 13 16 19 22 25 
1 4 7 10 13 16 19 22 25 
1 4 7 10 13 16 19 22 25 
1 4 7 10 13 16 19 22 25 
2 5 7 10 13 16 19 22 25 
1 4 7 10 13 16 19 22 25 
1 4 7 10 13 16 19 22 25 
1 4 7 10 13 16 19 22 25 
3 5 7 10 13 16 19 22 25 
1 4 7 10 13 16 19 22 25 
1 4 7 10 13 16 19 22 25 
1 4 7 10 13 16 19 22 25 
1 4 7 10 13 16 19 22 25 
1 4 7 10 13 16 19 22 25 
1 4 7 10 13 16 19 23 25 
1 4 7 10 13 16 19 22 25 
1 5 7 10 13 16 19 22 25 
1 4 7 10 13 16 19 22 25 
1 5 7 10 13 16 19 22 25 
1 4 7 10 13 16 19 22 25 
1 5 7 10 13 16 19 22 25 
1 5 7 10 13 16 19 22 25 
1 5 8 10 13 16 19 22 25 
1 5 7 10 13 16 19 22 25 
3 5 9 10 13 16 19 22 25 
1 5 9 10 13 16 19 22 25 
1 5 9 11 13 16 19 22 25 
1 5 9 10 13 16 19 22 25 
1 5 8 10 13 16 19 22 25 
1 5 7 10 13 16 19 22 25 
1 4 7 10 13 16 19 22 25 
1 4 7 10 13 16 19 22 25 
1 4 7 10 13 16 19 22 25 
1 4 7 10 13 16 19 22 25 
1 4 7 10 13 16 19 22 25 
1 5 7 10 13 16 19 22 25 
1 4 7 10 13 16 19 22 25 
1 4 7 10 13 16 19 22 25 
1 4 7 10 13 16 19 22 25 
3 4 7 10 13 16 19 23 25 
1 4 7 10 13 16 19 22 25 
3 5 7 10 13 16 19 22 25 
1 4 7 10 13 16 19 22 25 
1 4 7 10 13 16 19 22 25 
1 4 7 10 13 16 19 22 25 
3 4 7 10 13 16 19 23 25 
1 4 7 10 13 16 19 22 25 
1 5 7 10 13 16 19 22 25 
1 4 7 10 13 16 19 22 25 
1 4 7 10 13 16 19 22 25 
1 4 7 10 13 16 19 23 25 
1 4 7 10 13 16 19 22 25 
1 5 7 10 13 16 19 22 25 
1 4 7 10 13 16 19 22 25 
3 4 7 10 13 16 19 23 26 
1 4 7 10 13 16 19 23 25 
1 5 7 10 13 16 19 23 25 
1 4 7 10 13 16 19 23 25 
1 4 7 10 13 16 19 22 25 
1 4 7 10 13 16 19 22 25 
1 4 7 10 13 16 19 22 25 
1 4 7 10 13 16 19 22 25 
2 4 7 10 13 16 19 23 25 
1 4 7 10 13 16 19 22 25 
1 5 7 10 13 16 19 22 25 
1 4 7 10 13 16 19 22 25 
1 4 7 10 13 16 19 22 25 
3 5 7 10 13 16 19 22 25 
1 4 7 10 13 16 19 22 25 
1 5 7 10 13 16 19 22 25 
1 5 8 10 13 16 19 22 25 
1 5 7 10 13 16 19 22 25 
3 5 9 10 13 16 19 22 25 
1 5 9 10 13 16 19 22 25 
1 5 9 10 13 16 19 22 25 
1 5 9 10 13 16 19 23 25 
3 5 9 10 13 16 19 22 25 
1 5 9 11 13 16 19 22 25 
1 5 9 10 13 16 19 22 25 
2 5 8 10 13 16 19 22 25 
1 5 7 10 13 16 19 22 25 
1 4 7 10 13 16 19 22 25 
1 4 7 10 13 16 19 22 25 
1 4 7 10 13 16 19 22 25 
1 4 7 10 13 16 19 22 25 
1 4 7 10 13 16 19 22 25 
1 4 7 10 13 16 19 23 25 
1 4 7 10 13 16 19 22 25 
1 5 7 10 13 16 19 22 25 
1 4 7 10 13 16 19 22 25 
1 4 7 10 13 16 19 22 25 
1 4 7 10 13 16 19 22 25 
3 4 7 10 13 16 19 22 25 
3 4 7 10 13 16 19 23 25 
1 4 7 10 13 16 19 22 25 
3 5 7 10 13 16 19 22 25 
1 4 7 10 13 16 19 22 25 
3 5 7 10 13 16 19 22 25 
1 4 7 10 13 16 19 22 25 
3 5 9 10 13 16 19 22 25 
3 5 9 11 13 16 19 22 25 
2 5 9 10 13 16 19 22 25 
1 5 8 10 13 16 19 22 25 
2 5 7 10 13 16 19 22 25 
1 4 7 10 13 16 19 22 25 
1 4 7 10 13 16 19 22 25 
1 4 7 10 13 16 19 22 25 
3 5 7 10 13 16 19 22 25 
1 4 7 10 13 16 19 22 25 
1 5 7 10 13 16 19 22 25 
1 5 7 10 13 16 19 22 25 
1 5 8 10 13 16 19 22 25 
1 5 7 10 13 16 19 22 25 
1 5 9 10 13 16 19 22 25 
1 5 9 11 13 16 19 22 25 
1 5 9 10 13 16 19 22 25 
1 5 7 10 13 16 19 22 25 
1 5 8 10 13 16 19 22 25 
1 5 7 10 13 16 19 22 25 
1 5 8 10 13 16 19 22 25 
1 5 8 12 13 16 19 22 25 
1 5 8 12 13 16 19 22 25 
1 5 8 12 13 16 19 22 25 
1 5 8 12 13 16 19 23 25 
1 5 8 12 13 16 19 22 25 
1 5 8 12 14 16 19 22 25 
1 5 8 12 13 16 19 22 25 
1 5 8 10 13 16 19 22 25 
1 5 7 10 13 16 19 22 25 
1 5 9 11 13 16 19 22 25 
1 5 9 10 13 16 19 22 25 
1 5 7 10 13 16 19 22 25 
1 5 8 10 13 16 19 22 25 
1 5 7 10 13 16 19 22 25 
3 5 8 12 13 16 19 24 25 
1 5 8 12 13 16 19 22 25 
1 5 9 12 13 16 19 22 25 
3 5 9 12 13 16 19 22 25 
3 5 9 12 13 16 19 23 25 
3 5 9 12 13 16 19 22 25 
1 5 9 12 14 16 19 22 25 
1 5 9 12 13 16 19 22 25 
1 5 9 12 13 16 19 22 25 
3 5 9 12 13 16 19 22 25 
3 5 9 12 13 16 19 23 25 
3 5 9 12 13 16 19 22 25 
1 5 9 12 14 16 19 22 25 
1 5 9 12 13 16 19 22 25 
3 5 9 12 13 16 19 22 25 
1 5 9 12 13 16 19 23 25 
1 5 9 12 13 16 19 22 25 
3 5 9 12 14 16 19 22 25 
1 5 9 12 13 16 19 22 25 
1 5 9 12 13 16 19 23 26 
1 5 9 12 13 16 19 23 25 
1 5 9 12 14 16 19 23 25 
1 5 9 12 13 16 19 23 25 
3 5 9 12 13 16 19 22 25 
2 5 9 12 14 16 19 22 25 
2 5 9 12 13 16 19 22 25 
1 5 9 11 14 16 19 22 25 
1 5 9 11 15 16 19 22 25 
1 5 9 11 15 16 19 22 25 
1 5 9 11 15 16 19 22 25 
1 5 9 11 15 16 19 23 25 
1 5 9 11 15 16 19 22 25 
1 5 9 11 15 17 19 22 25 
1 5 9 11 15 16 19 22 25 
1 5 9 11 14 16 19 22 25 
1 5 9 11 13 16 19 22 25 
1 5 9 12 14 16 19 22 25 
1 5 9 12 13 16 19 22 25 
1 5 9 10 13 16 19 22 25 
1 5 9 10 13 16 19 22 25 
3 5 9 10 13 16 19 22 25 
2 5 9 10 13 16 19 23 25 
2 5 9 10 13 16 19 22 25 
1 5 9 11 13 16 19 22 25 
1 5 9 10 13 16 19 22 25 
1 5 8 12 13 16 19 22 25 
1 5 8 12 13 16 19 22 25 
3 5 8 12 13 16 19 22 25 
1 5 8 12 13 16 19 23 25 
3 5 8 12 13 16 19 22 25 
1 5 8 12 14 16 19 22 25 
1 5 8 12 13 16 19 22 25 
1 5 8 10 13 16 19 22 25 
1 5 7 10 13 16 19 22 25 
1 5 9 10 13 16 19 22 25 
1 5 8 10 13 16 19 22 25 
1 5 7 10 13 16 19 22 25 
1 4 7 10 13 16 19 22 25 
1 4 7 10 13 16 19 22 25 
1 4 7 10 13 16 19 22 25 
1 4 7 10 13 16 19 22 25 
1 4 7 10 13 16 19 22 25 
1 4 7 10 13 16 19 22 25 
1 4 7 10 13 16 19 22 25 
1 4 7 10 13 16 19 22 25 
1 4 7 10 13 16 19 22 25 
1 4 7 10 13 16 19 23 25 
1 4 7 10 13 16 19 22 25 
1 5 7 10 13 16 19 22 25 
1 4 7 10 13 16 19 22 25 
1 4 7 10 13 16 19 22 25 
1 4 7 10 13 16 19 22 25 
3 4 7 10 13 16 19 23 25 
1 4 7 10 13 16 19 22 25 
1 5 7 10 13 16 19 22 25 
1 4 7 10 13 16 19 22 25 
1 4 7 10 13 16 19 22 25 
3 4 7 10 13 16 19 22 25 
3 4 7 10 13 16 19 23 25 
1 4 7 10 13 16 19 22 25 
1 5 7 10 13 16 19 22 25 
1 4 7 10 13 16 19 22 25 
3 4 7 10 13 16 19 22 25 
3 4 7 10 13 16 19 23 25 
1 4 7 10 13 16 19 22 25 
1 5 7 10 13 16 19 22 25 
1 4 7 10 13 16 19 22 25 
3 4 7 10 13 16 19 23 26 
3 4 7 10 13 16 19 23 25 
1 5 7 10 13 16 19 23 25 
2 4 7 10 13 16 19 23 25 
1 4 7 10 13 16 19 22 25 
1 5 7 10 13 16 19 22 25 
1 4 7 10 13 16 19 22 25 
1 5 8 10 13 16 19 22 25 
1 5 7 10 13 16 19 22 25 
1 4 7 10 13 16 19 22 25 
1 4 7 10 13 16 19 22 25 
1 4 7 10 13 16 19 22 25 
3 4 7 10 13 16 19 22 25 
1 4 7 10 13 16 19 23 25 
1 4 7 10 13 16 19 22 25 
1 5 7 10 13 16 19 22 25 
1 4 7 10 13 16 19 22 25 
3 4 7 10 13 16 19 24 25 
3 4 7 10 13 16 19 24 25 
1 4 7 10 13 16 19 24 26 
1 4 7 10 13 16 19 24 25 
3 5 7 10 13 16 19 24 25 
1 4 7 10 13 16 19 24 25 
1 4 7 10 13 16 19 24 27 
3 4 7 10 13 16 19 24 27 
1 4 7 10 13 16 19 24 27 
1 4 7 10 13 16 19 24 27 
1 4 7 10 13 16 19 24 27 
3 5 7 10 13 16 19 24 27 
1 4 7 10 13 16 19 24 27 
1 4 7 10 13 16 19 24 25 
3 4 7 10 13 16 19 24 25 
1 4 7 10 13 16 19 24 26 
1 5 7 10 13 16 19 24 25 
3 6 7 10 13 16 19 24 25 
1 4 7 10 13 16 19 24 25 
3 4 7 10 13 16 19 24 25 
1 4 7 10 13 16 19 24 25 
1 4 7 10 13 16 19 24 26 
1 4 7 10 13 16 19 24 25 
1 5 7 10 13 16 19 24 25 
1 4 7 10 13 16 19 24 25 
3 4 7 10 13 16 19 24 25 
3 4 7 10 13 16 19 24 25 
3 4 7 10 13 16 19 24 25 
3 4 7 10 13 16 19 24 26 
3 4 7 10 13 16 19 24 25 
3 5 7 10 13 16 19 24 25 
3 4 7 10 13 16 19 24 25 
3 4 7 10 13 16 19 24 25 
3 4 7 10 13 16 19 24 25 
3 4 7 10 13 16 19 24 25 
3 4 7 10 13 16 19 24 26 
3 4 7 10 13 16 19 24 25 
3 5 7 10 13 16 19 24 25 
3 4 7 10 13 16 19 24 25 
1 4 7 10 13 16 19 24 27 
3 4 7 10 13 16 19 24 27 
3 4 7 10 13 16 19 24 27 
3 4 7 10 13 16 19 24 27 
3 5 7 10 13 16 19 24 27 
3 4 7 10 13 16 19 24 27 
3 4 7 10 13 16 19 24 25 
3 4 7 10 13 16 19 24 25 
3 4 7 10 13 16 19 24 26 
3 4 7 10 13 16 19 24 25 
3 5 7 10 13 16 19 24 25 
3 4 7 10 13 16 19 24 25 
3 6 7 10 13 16 19 24 25 
3 6 7 10 13 16 19 24 25 
3 6 7 10 13 16 19 24 26 
3 6 7 10 13 16 19 24 25 
2 6 8 10 13 16 19 24 25 
3 6 7 10 13 16 19 24 25 
3 4 7 10 13 16 19 24 25 
3 4 7 10 13 16 19 24 25 
3 4 7 10 13 16 19 24 26 
3 4 7 10 13 16 19 24 25 
3 5 7 10 13 16 19 24 25 
3 4 7 10 13 16 19 24 25 
2 4 7 10 13 16 19 24 25 
3 4 7 10 13 16 19 24 25 
3 4 7 10 13 16 19 24 26 
3 4 7 10 13 16 19 24 25 
3 5 7 10 13 16 19 24 25 
2 4 7 10 13 16 19 24 25 
3 4 7 10 13 16 19 24 25 
2 4 7 10 13 16 19 24 25 
3 4 7 10 13 16 19 24 25 
3 4 7 10 13 16 19 24 26 
1 4 7 10 13 16 19 24 25 
3 5 7 10 13 16 19 24 25 
2 4 7 10 13 16 19 24 25 
1 4 7 10 13 16 19 24 27 
1 4 7 10 13 16 19 24 27 
2 4 7 10 13 16 19 24 27 
3 5 7 10 13 16 19 24 27 
3 4 7 10 13 16 19 24 27 
3 4 7 10 13 16 19 24 25 
3 4 7 10 13 16 19 24 26 
3 4 7 10 13 16 19 24 25 
3 5 7 10 13 16 19 24 25 
3 4 7 10 13 16 19 24 25 
1 4 7 10 13 16 19 24 26 
1 4 7 10 13 16 19 24 26 
1 4 7 10 13 16 19 24 26 
3 5 7 10 13 16 19 24 26 
1 4 7 10 13 16 19 24 26 
1 4 7 10 13 16 19 24 26 
3 4 7 10 13 16 19 24 26 
3 4 7 10 13 16 19 24 26 
1 4 7 10 13 16 19 24 26 
1 4 7 10 13 16 19 24 26 
3 5 7 10 13 16 19 24 26 
1 4 7 10 13 16 19 24 26 
1 4 7 10 13 16 19 24 26 
1 4 7 10 13 16 19 24 26 
1 5 7 10 13 16 19 24 26 
1 4 7 10 13 16 19 24 26 
1 4 7 10 13 16 19 24 26 
1 4 7 10 13 16 19 24 26 
1 5 7 10 13 16 19 24 26 
1 4 7 10 13 16 19 24 26 
1 4 7 10 13 16 19 24 25 
1 4 7 10 13 16 19 24 25 
3 5 7 10 13 16 19 24 25 
1 4 7 10 13 16 19 24 25 
1 4 7 10 13 16 19 24 27 
1 4 7 10 13 16 19 24 27 
3 5 7 10 13 16 19 24 27 
1 4 7 10 13 16 19 24 27 
1 4 7 10 13 16 19 24 25 
3 4 7 10 13 16 19 24 25 
2 4 7 10 13 16 19 24 25 
1 4 7 10 13 16 19 24 26 
1 4 7 10 13 16 19 24 25 
3 5 7 10 13 16 19 24 25 
1 4 7 10 13 16 19 24 25 
1 4 7 10 13 16 19 24 25 
3 5 7 10 13 16 19 24 25 
1 4 7 10 13 16 19 24 25 
3 5 7 10 13 16 19 24 25 
3 5 8 10 13 16 19 24 25 
2 5 7 10 13 16 19 24 25 
3 5 7 10 13 16 19 24 27 
2 5 8 10 13 16 19 24 27 
2 5 7 10 13 16 19 24 27 
1 5 8 10 13 16 19 24 25 
3 5 7 10 13 16 19 24 25 
3 5 9 10 13 16 19 24 25 
3 5 9 10 13 16 19 24 25 
3 5 9 10 13 16 19 24 25 
3 5 9 10 13 16 19 24 26 
3 5 9 10 13 16 19 24 25 
3 5 9 11 13 16 19 24 25 
3 5 9 10 13 16 19 24 25 
1 5 8 10 13 16 19 24 25 
1 5 7 10 13 16 19 24 25 
1 4 7 10 13 16 19 24 25 
1 4 7 10 13 16 19 24 25 
1 4 7 10 13 16 19 24 27 
1 4 7 10 13 16 19 24 27 
1 4 7 10 13 16 19 24 25 
3 4 7 10 13 16 19 24 25 
1 4 7 10 13 16 19 24 25 
1 4 7 10 13 16 19 24 26 
1 4 7 10 13 16 19 24 25 
3 5 7 10 13 16 19 24 25 
1 4 7 10 13 16 19 24 25 
1 4 7 10 13 16 19 24 27 
3 4 7 10 13 16 19 24 27 
3 4 7 10 13 16 19 24 27 
1 4 7 10 13 16 19 24 27 
1 4 7 10 13 16 19 24 27 
3 5 7 10 13 16 19 24 27 
1 4 7 10 13 16 19 24 27 
3 4 7 10 13 16 19 24 27 
3 4 7 10 13 16 19 24 27 
3 4 7 10 13 16 19 24 27 
3 4 7 10 13 16 19 24 27 
3 5 7 10 13 16 19 24 27 
3 4 7 10 13 16 19 24 27 
3 4 7 10 13 16 19 24 27 
3 4 7 10 13 16 19 24 27 
3 4 7 10 13 16 19 24 27 
3 4 7 10 13 16 19 24 27 
3 4 7 10 13 16 19 24 27 
3 5 7 10 13 16 19 24 27 
3 4 7 10 13 16 19 24 27 
3 6 7 10 13 16 19 24 27 
3 6 7 10 13 16 19 24 27 
3 6 7 10 13 16 19 24 27 
3 6 7 10 13 16 19 24 27 
2 6 8 10 13 16 19 24 27 
3 6 7 10 13 16 19 24 27 
3 4 7 10 13 16 19 24 27 
3 4 7 10 13 16 19 24 27 
3 4 7 10 13 16 19 24 27 
3 4 7 10 13 16 19 24 27 
3 5 7 10 13 16 19 24 27 
3 4 7 10 13 16 19 24 27 
3 4 7 10 13 16 19 24 27 
3 4 7 10 13 16 19 24 27 
3 4 7 10 13 16 19 24 27 
2 4 7 10 13 16 19 24 27 
3 5 7 10 13 16 19 24 27 
3 4 7 10 13 16 19 24 27 
3 4 7 10 13 16 19 24 27 
3 4 7 10 13 16 19 24 27 
3 4 7 10 13 16 19 24 27 
3 4 7 10 13 16 19 24 27 
3 5 7 10 13 16 19 24 27 
3 4 7 10 13 16 19 24 27 
3 4 7 10 13 16 19 24 27 
1 4 7 10 13 16 19 24 27 
3 4 7 10 13 16 19 24 27 
3 5 7 10 13 16 19 24 27 
3 4 7 10 13 16 19 24 27 
1 4 7 10 13 16 19 24 27 
3 4 7 10 13 16 19 24 27 
3 4 7 10 13 16 19 24 27 
1 4 7 10 13 16 19 24 27 
1 4 7 10 13 16 19 24 27 
3 5 7 10 13 16 19 24 27 
1 4 7 10 13 16 19 24 27 
1 4 7 10 13 16 19 24 27 
1 4 7 10 13 16 19 24 27 
1 5 7 10 13 16 19 24 27 
1 4 7 10 13 16 19 24 27 
1 4 7 10 13 16 19 24 27 
1 4 7 10 13 16 19 24 27 
1 5 7 10 13 16 19 24 27 
1 4 7 10 13 16 19 24 27 
1 4 7 10 13 16 19 24 27 
3 4 7 10 13 16 19 24 27 
2 4 7 10 13 16 19 24 27 
1 4 7 10 13 16 19 24 27 
1 4 7 10 13 16 19 24 27 
3 5 7 10 13 16 19 24 27 
1 4 7 10 13 16 19 24 27 
1 4 7 10 13 16 19 24 27 
3 5 7 10 13 16 19 24 27 
1 4 7 10 13 16 19 24 27 
3 5 7 10 13 16 19 24 27 
1 5 7 10 13 16 19 24 27 
1 5 8 10 13 16 19 24 27 
3 5 7 10 13 16 19 24 27 
3 5 9 10 13 16 19 24 27 
3 5 9 10 13 16 19 24 27 
3 5 9 10 13 16 19 24 27 
3 5 9 10 13 16 19 24 27 
3 5 9 11 13 16 19 24 27 
3 5 9 10 13 16 19 24 27 
1 5 8 10 13 16 19 24 27 
1 5 7 10 13 16 19 24 27 
1 4 7 10 13 16 19 24 27 
1 4 7 10 13 16 19 24 27 
1 4 7 10 13 16 19 24 27 
3 4 7 10 13 16 19 24 27 
3 4 7 10 13 16 19 24 27 
1 4 7 10 13 16 19 24 27 
1 4 7 10 13 16 19 24 27 
3 5 7 10 13 16 19 24 27 
1 4 7 10 13 16 19 24 27 
1 4 7 10 13 16 19 24 25 
3 4 7 10 13 16 19 24 25 
1 4 7 10 13 16 19 24 26 
1 5 7 10 13 16 19 24 25 
3 4 7 10 13 16 19 24 25 
3 4 7 10 13 16 19 24 25 
3 4 7 10 13 16 19 24 26 
3 4 7 10 13 16 19 24 25 
3 5 7 10 13 16 19 24 25 
3 4 7 10 13 16 19 24 25 
3 6 7 10 13 16 19 24 25 
3 6 7 10 13 16 19 24 25 
3 6 7 10 13 16 19 24 26 
3 6 7 10 13 16 19 24 25 
3 6 8 10 13 16 19 24 25 
3 6 7 10 13 16 19 24 25 
3 4 7 10 13 16 19 24 26 
3 4 7 10 13 16 19 24 26 
1 4 7 10 13 16 19 24 26 
1 4 7 10 13 16 19 24 26 
1 5 7 10 13 16 19 24 26 
1 4 7 10 13 16 19 24 26 
1 4 7 10 13 16 19 24 26 
3 5 9 10 13 16 19 24 25 
3 5 9 10 13 16 19 24 25 
1 5 9 10 13 16 19 24 26 
1 5 9 10 13 16 19 24 25 
1 5 9 11 13 16 19 24 25 
3 5 9 10 13 16 19 24 25 
3 6 7 10 13 16 19 24 25 
3 6 7 10 13 16 19 24 25 
3 6 7 10 13 16 19 24 26 
3 6 7 10 13 16 19 24 25 
3 6 8 10 13 16 19 24 25 
3 6 7 10 13 16 19 24 25 
3 6 9 10 13 16 19 24 25 
3 6 9 10 13 16 19 24 25 
3 6 9 10 13 16 19 24 26 
3 6 9 10 13 16 19 24 25 
3 6 9 11 13 16 19 24 25 
3 6 9 10 13 16 19 24 25 
3 6 7 10 13 16 19 24 25 
3 6 7 10 13 16 19 24 25 
3 6 7 10 13 16 19 24 26 
3 6 7 10 13 16 19 24 25 
3 6 8 10 13 16 19 24 25 
3 6 7 10 13 16 19 24 25 
3 6 7 10 13 16 19 24 25 
3 6 7 10 13 16 19 24 26 
3 6 7 10 13 16 19 24 25 
3 6 8 12 13 16 19 24 25 
3 6 7 10 13 16 19 24 25 
1 4 7 10 13 16 19 24 25 
3 4 7 10 13 16 19 24 25 
3 4 7 10 13 16 19 24 25 
1 4 7 10 13 16 19 24 26 
1 4 7 10 13 16 19 24 25 
1 5 7 10 13 16 19 24 25 
1 4 7 10 13 16 19 24 25 
3 4 7 10 13 16 19 24 25 
3 4 7 10 13 16 19 24 25 
3 4 7 10 13 16 19 24 26 
3 4 7 10 13 16 19 24 25 
3 5 7 10 13 16 19 24 25 
3 4 7 10 13 16 19 24 25 
3 4 7 10 13 16 19 24 25 
3 4 7 10 13 16 19 24 25 
3 4 7 10 13 16 19 24 26 
3 4 7 10 13 16 19 24 25 
3 5 7 10 13 16 19 24 25 
3 4 7 10 13 16 19 24 25 
3 4 7 10 13 16 19 24 25 
3 4 7 10 13 16 19 24 25 
3 4 7 10 13 16 19 24 26 
3 4 7 10 13 16 19 24 25 
3 5 7 10 13 16 19 24 25 
3 4 7 10 13 16 19 24 25 
3 4 7 10 13 16 19 24 25 
3 4 7 10 13 16 19 24 26 
3 4 7 10 13 16 19 24 25 
3 5 7 10 13 16 19 24 25 
3 4 7 10 13 16 19 24 25 
3 4 7 10 13 16 19 24 26 
3 4 7 10 13 16 19 24 26 
1 4 7 10 13 16 19 24 26 
1 4 7 10 13 16 19 24 26 
1 5 7 10 13 16 19 24 26 
1 4 7 10 13 16 19 24 26 
1 4 7 10 13 16 19 24 26 
1 4 7 10 13 16 19 24 26 
1 5 7 10 13 16 19 24 26 
1 4 7 10 13 16 19 24 26 
3 4 7 10 13 16 19 24 25 
3 4 7 10 13 16 19 24 25 